	GSM279601	GSM279602	GSM279603	GSM279604	GSM279605	GSM279606	GSM279607	GSM279608	GSM279609	GSM279610	GSM279611	GSM279612
1405_i_at	1236	1117.9	928.31	1918.2	2066.5	2204.8	3845	2943.2	3080.7	1886.1	1916.7	1897.4	
1552390_a_at	158.33	107	171.04	48.748	35.035	77.319	2.595	27.477	7.001	24.746	2.93	11.095	
1552623_at	260.07	173.31	207.47	585.18	545.15	673.03	228.53	412.39	387.06	403.85	349.34	198.7	
1552774_a_at	103.59	78.16	87.565	164.99	147.64	187.72	27.254	122.63	18.067	58.122	70.549	87.307	
1553179_at	30.176	9.969	12.813	6.593	3.732	8.219	18.235	25.802	9.757	3.744	4.052	5.711	
1553196_a_at	309.71	243.26	196.29	509.23	461.09	560.78	101.44	31.276	172.24	160.33	294.74	360.65	
1553830_s_at	152.03	107.88	155.85	316.12	358.59	380.54	1459.1	1194.7	1568.6	734.54	668.89	710.53	
1554161_at	119.14	96.355	55.925	202.11	174.67	274.43	80.689	71.245	26.267	128.24	122.3	110.99	
1554300_a_at	260.03	250.1	241.29	27.022	135.49	42.926	64.997	44.499	20.084	81.164	19.447	58.822	
1554679_a_at	2800.3	3180.6	2581.3	1310.2	998.92	1029.6	1222.9	1244.8	1180	1305.9	1454.3	1339.3	
1554733_at	50.414	111.57	8.559	249.57	246.35	223.92	549.83	513.74	480.09	341.66	258.09	269.12	
1554892_a_at	4092.1	4373.6	4325.1	2558.6	2116.6	2192.5	4228.1	4440.6	3466.3	4496.6	4510.3	4037.2	
1554899_s_at	2124.5	2222.8	1701.5	1174.6	951.58	1087.4	1794.1	1719.7	1718.9	2024.3	2089.9	1936.7	
1555613_a_at	1136.2	1060.4	1141.7	341.29	350.68	357.15	162.41	188.56	135.31	98.903	135.87	27.796	
1555756_a_at	74.647	46.567	35.952	156.87	107.06	161.62	61.606	53.865	53.609	50.205	95.157	114.52	
1555800_at	2.825	3.206	3.281	6.282	6.287	5.557	2.62	5.061	3.457	4.964	5.952	8.558	
1555935_s_at	465.13	352.42	438.88	72.267	182.84	105.24	34.356	21.421	163.16	26.968	40.289	115.53	
1556037_s_at	1565.1	1426.9	1288.9	407.18	315.55	440.76	99.28	110.2	14.688	25.287	71.32	69.943	
1556095_at	373.62	361.52	262.43	1175.6	999.82	1103.6	2214	2350.6	1999.8	1206.3	1477.8	1337	
1556096_s_at	445.97	441.6	378.08	1656.6	1544.5	1505.4	3027.1	3379.5	2843.3	1912	2112.6	2019.7	
1556395_at	530.37	538.63	500.01	116.46	19.09	173.95	21.905	9.988	27.415	9.756	3.27	2.814	
1556598_at	258.65	249.16	210.09	60.683	41.426	82.1	20.622	4.161	4.687	1.278	2.505	0.791	
1556599_s_at	577.89	620.76	508.6	167.77	176.19	154.23	49.1	57.217	31.439	72.914	29.968	20.272	
1557177_at	119.83	98.787	132.65	188.52	195.46	218.87	81.748	59.763	85.263	229.44	226.74	177.88	
1557919_a_at	7785.7	7763	8326	4574.1	4918.9	4245.5	6652.6	6777	8013.5	7914.5	6790.3	7526.5	
1558826_at	33.507	33.565	6.389	135.27	78.632	115.79	12.027	24.158	3.865	22.753	63.203	42.057	
1558856_at	2494.2	2255.3	2056	1181.4	1299.9	1035.4	2244.8	1942.9	1842.9	2080.9	2088.6	1824.8	
1558971_at	498	521.84	415.93	151.86	70.959	223.37	57.384	63.682	58.536	52.305	34.855	5.166	
1558972_s_at	342.74	472.74	385.14	155.76	141.66	119.74	35.691	9.6	61.836	50.934	2.209	36.905	
1559827_at	489.91	383.7	455.33	278.91	358.6	225.19	438.59	475.07	434.89	392.29	500.18	448.28	
1562054_at	9.365	37.107	36.989	120.4	55.581	112.88	209.27	65.745	136.03	135.68	141.53	176.89	
1562484_at	403.56	442.83	361.22	179.17	204.45	188.63	363.9	287.79	319.06	309.53	410.47	347.33	
1565162_s_at	2975.6	2830.4	2666.8	2876.6	2421.6	2595.4	5103.2	5872.5	4883.1	4468	4251.1	3907.8	
1565627_a_at	513.62	594.08	595.43	744.61	922.55	986.93	469.27	624.26	426.23	723.91	725.95	789.41	
1568751_at	24.731	25.167	14.11	108.96	45.579	53.766	23.92	33.882	26.143	67.868	65.595	49.643	
1568752_s_at	1279.5	1429.8	1308.8	3842.8	3236.5	3790.3	858.15	1019.8	890.47	2051.4	2274.3	1926.5	
1569034_a_at	132.42	186.76	114.15	283.03	305.62	407.24	90.33	157.54	28.737	145.6	170.14	225.87	
1569040_s_at	173.36	165.04	156.05	393.23	367.69	383.35	79.36	90.937	87.747	130.36	266.38	266.29	
1569454_a_at	331.94	279.9	246.04	611.06	451.68	617.03	628.12	705.68	661.74	214.09	454.56	467.07	
1569886_a_at	732.88	655.72	582.93	236.12	205.09	185.06	145.91	179.02	211.06	107.98	171.23	171.09	
1569969_a_at	408.54	409.5	368.56	1335.2	1114.5	1278.2	2714.2	2752.6	2508.2	1529	1698.3	1348	
200660_at	5298.4	5284.3	5722.1	2108	2429.1	2072.4	4681.1	3440.6	4640.3	4833.5	4548.1	4572.3	
200907_s_at	388.26	294.14	404.08	453.88	485.25	687.27	159.22	105.49	164.74	308.28	444.81	281.76	
200951_s_at	182.99	236.59	208.88	475.15	384.37	364.03	1372.6	993.64	1237.7	674.03	595.82	565.58	
200953_s_at	1270.1	1281.5	1183.5	3889.2	2816.4	3020	6447.4	6253.4	7312.1	3722.6	5108.4	4073.1	
201058_s_at	497.56	529.89	397.23	297.31	284.68	216.23	501.42	475.11	502.45	530.92	584.66	398.52	
201105_at	14337	14324	16093	11064	13204	12693	21824	18917	19729	18481	14816	18186	
201117_s_at	144.84	117.5	137.95	92.216	32.556	66.309	133.57	177.64	131.27	144.44	149.47	143.59	
201131_s_at	8.763	105.77	103.45	374.79	317.74	243.77	165.76	129.14	186.22	175.05	130.9	93.278	
201137_s_at	5687.9	5504.7	5799.1	13230	13929	13467	7006.4	6942.6	6059.7	9228.2	9157.1	9143.2	
201162_at	2985.3	2793.8	2886.4	1227	1631.9	1377.4	2726.1	2919.4	2466.1	3125.8	2801	2535.3	
201163_s_at	4655.7	4939.2	4847.6	3140.5	2629.9	3143.3	4588.6	4833	4462.5	5082.8	5421.6	4872.4	
201169_s_at	131.24	145	81.024	237	208.75	259.47	288.45	295.04	355.75	192.91	243.61	204.01	
201215_at	1284	1303	1203.8	1616.4	1441.7	1507.8	3230.5	3442.5	3118.8	2243.5	2393.3	2306	
201313_at	1050.5	836.36	806.51	899.09	722.8	849.88	887.58	1076.8	981.77	386.62	602.63	476.57	
201387_s_at	3553.5	3495.1	3667.2	7862.9	8938.3	8796.4	5360	5157.8	5273.5	7133.4	6109.1	6460.7	
201416_at	2719.2	3130	2881.4	645.04	675.13	691.11	317.52	243.92	341.39	180.18	226.08	182.37	
201506_at	3103.4	3182.7	3435.5	1732	1838.4	1783.7	3314.8	2996.4	2847.6	3116.7	3062.8	3161.1	
201579_at	2056.4	2216.1	2253.9	901.4	929.8	1002.1	864.28	945.96	969.99	882.92	1080.4	976.32	
201670_s_at	1129.2	1113.2	1119.6	1468.2	1515.6	1438	3143.3	2767.2	3070.1	2107.6	2226.6	1886.7	
201909_at	16141	15992	17004	16208	16783	18455	16594	16783	15451	18479	16630	19372	
202007_at	3276.3	3675.8	3348.8	2694.9	2158.2	2500.4	3478.8	4062.6	3795.9	4047.4	4014.7	3867.1	
202177_at	521.59	357.08	588	232.88	278.45	179.23	417.53	369.21	447.61	462.79	489.1	430.16	
202178_at	299.1	305.36	423.85	574.54	608.11	599.43	303.27	244.3	333.07	329.93	514.33	427.51	
202207_at	824.45	813.34	942.73	307.97	241.08	270.35	118.45	82.674	180.87	112.41	61.789	140.93	
202242_at	3078.7	3136.7	3221.1	1056.9	981.94	863.87	380.25	323.19	338.17	154.36	173.86	91.83	
202283_at	2121.8	1920.8	2177.8	1359	1111	1111.9	1793.3	1807.5	1701.8	1909.1	1878.1	1875.3	
202615_at	4361	5120.7	4677.2	1928	2137.7	1874	1431.5	1627.6	1443.5	1597	1525.8	1638.7	
202620_s_at	346.3	348.84	261.04	618.94	588.92	538.74	754.22	913.64	746.67	610.78	671.84	569.6	
202718_at	2628.2	2256.6	3002.2	857.35	858.19	777.69	832.47	826.02	603.76	803.3	747.04	638.41	
202728_s_at	62.752	21.168	25.737	45.181	129.54	24.353	12.396	16.932	31.979	37.703	28.254	46.733	
202746_at	6979.7	7580.9	6769.4	3662.2	3033.7	3834.8	2628.8	2382.7	2170.7	1211.5	1477.8	1246.4	
202747_s_at	4027.7	3644.5	3760	1655.9	1778.9	2329.8	1826.9	1569.7	1249.2	1246	821.6	1275.8	
202888_s_at	1142.5	1073.6	1008.6	631.05	567.05	596.61	941.78	946.41	956.3	1041.4	1253	1039.9	
202897_at	616.89	482.58	508.84	270.6	298.38	288.07	506.87	403.57	503.71	551.11	548.48	420.51	
202917_s_at	1913.8	1914.1	1739.8	921.84	1364.2	1244.3	1743.6	1734.6	1496.5	2222.5	2116.5	1632.7	
202935_s_at	137.32	122.7	99.507	383.74	245.4	386.71	463.79	470.41	402.57	335.57	345.6	359.86	
202936_s_at	18.25	209.51	217.25	380.46	344.97	410.95	527.66	543.84	433.1	357.76	374.41	446.86	
203132_at	4875	5214.3	4758.1	3464.5	3167.4	3905	1935.2	1777.2	1443.1	2057.5	2323	2137	
203140_at	1368.6	1465.4	1244.7	2936.2	2316.2	2911.1	928.3	881.68	752.52	1544.2	1802.2	1759.3	
203186_s_at	8024.5	8315.9	8492.8	4619.7	5254.2	4909.7	9648.6	7612.4	7553.3	8970.7	8213.5	8121.4	
203290_at	2871.3	2507.4	3095.6	6471.8	6718.5	6830.3	1852.1	2077.7	2067.3	4557.4	4093.7	4117.6	
203434_s_at	537.25	483.71	512.55	1088.1	906.16	1098	299.23	331.41	394.21	714.67	701.71	688.01	
203435_s_at	322.48	165.54	252.04	999.52	558.86	461.81	72.987	75.263	55.369	399.49	468.86	275.72	
203440_at	619.62	829.93	858.91	310.42	343.46	320.79	508.49	366.25	414.04	395.45	235.67	380.31	
203510_at	125.58	116.27	139.91	516.88	349.89	337.41	111.84	115.61	75.993	226.51	330.06	210.26	
203535_at	705.36	748.25	707.06	520.51	427.67	432.09	781.75	583.11	724.23	838.06	977.13	904.5	
203548_s_at	532.46	650.67	451.89	361.7	279.17	359.21	484.53	510.29	376.23	472.52	663.28	599.71	
203570_at	19.011	44.289	18.189	8.449	7.847	8.625	10.899	6.716	5.518	8.932	7.527	8.572	
203641_s_at	370.37	303.92	401.53	747.76	688.66	731.62	275.02	218.21	220.07	404.31	402.35	482.51	
203642_s_at	653.56	571.27	574.8	1393	1307.9	1365.7	365.51	491.06	445.36	902.5	937.88	838.08	
203695_s_at	1259.4	1102.8	1343.3	3143.5	3315.7	3399	4273.4	4401.5	4530.8	2680.5	2585	2716.6	
203716_s_at	27.112	22.138	5.62	30.066	16.794	56.05	142.9	77.371	239.2	12.879	20.644	35.879	
203760_s_at	847.49	1199.8	1196.1	381.96	363.02	335.57	493.65	358.79	279.82	398.47	370.83	318.54	
203828_s_at	635.7	776.49	756.75	1424	1270.8	1168.9	1982.5	1567	1784.2	1162.1	846.61	899.55	
203835_at	123.06	112.03	12.259	65.957	32.917	40.569	24.954	48.093	32.832	18.242	33.866	31.534	
203865_s_at	255.27	283.7	268.03	20.922	49.708	25.509	14.176	12.793	7.183	15.863	21.89	10.195	
203886_s_at	257.06	201.3	248.03	56.83	39.618	85.355	17.339	26.552	49.403	7.607	10.558	6.309	
203913_s_at	146.78	192.75	100.34	60.006	31.772	8.022	36.523	41.469	9.608	3.017	1.339	7.972	
203973_s_at	4225.2	3883.4	4400	1803.5	2088.3	1894	3605.5	3507	3506.9	4232.3	3763.3	2880.8	
204039_at	8655.6	7959.1	9389.6	4456.4	4758.9	4199.4	7898.3	7877.6	7917.1	8415.2	7117.4	6536.6	
204112_s_at	2239.8	2298.2	2202.7	1594.1	1285.9	1606.8	2146.5	2244.7	2101	2182.2	2629.4	2232.4	
204201_s_at	195.8	136.96	153.43	633.83	624.44	717.08	1197.9	1315.1	1109	643.82	904.64	749.65	
204409_s_at	2677.9	2605.3	2300.3	4156	3274.5	4040.4	1958.5	2315.7	1947.5	3216.9	3689.1	3280	
204410_at	555.22	602.98	646.95	958.45	880.03	852.5	497.23	454.31	519.98	827.03	805.96	832.47	
204445_s_at	298.09	312.14	271.17	518.81	576.21	397.39	129.92	188.76	132.16	326.07	392.3	288.91	
204446_s_at	818.84	755.97	700.68	1895	1535.5	1630.6	707.7	759.44	485.88	1096.3	1512.5	1019.5	
204463_s_at	15.475	29.229	11.287	91.936	82.589	72.874	128.91	148.71	116.25	78.461	45.937	44.858	
204466_s_at	526.11	440.69	591.6	1120.3	1133.5	981.36	1713.7	1530.4	1975.8	1189.3	1069.2	896.26	
204497_at	1134.5	1274	1211.2	684.64	580.22	456.99	1158.3	1262.5	936.4	1178.3	1349.2	1239.7	
204517_at	3628.6	3627.6	3474.7	2152.6	2078.3	2122.6	3581.4	3493.8	2951.9	3715	3740.4	3563.9	
204518_s_at	1159.5	1035.3	1312.4	659.87	773.36	683.85	945	982.83	950.35	1063.3	981.21	1330.4	
204548_at	424.83	468.63	567.64	244.94	231.4	279.14	393.11	459.19	393.84	506.49	459.06	428.3	
204561_x_at	7498.1	7531.7	8279.4	3006.6	3367	2949.9	6397.8	6265	6945.9	7468.2	6507.1	6349.8	
204562_at	1373.1	1290.2	1311.7	3336.4	3707.8	3698.8	6873	7007.2	7378.6	4422.7	3890.2	4358.9	
204614_at	5856.1	6257.7	6433.7	4114	4025.3	4613.6	6578.4	7317.9	6409.1	6802.5	6427.9	6991.7	
204655_at	1111.5	1087	1119.7	1978.6	2389	2182.5	4075.3	2934.5	3353.8	2134.4	2429.9	2223.8	
204661_at	945.45	1412.5	1071.8	2092	3215.2	2362	889.44	642.63	835.2	1480.2	1170	1849.9	
204698_at	737.53	604.65	722.74	1444.6	1428.3	1543.9	607.78	357.62	408.26	922.32	950.28	767.49	
204749_at	275.77	262.83	244.68	434.27	364.98	362.94	850.11	930.15	738.76	564.3	543.98	612.02	
204882_at	384.16	322.79	330.56	488.19	544.92	389.52	64.834	200.56	58.652	321.74	347.41	525.18	
204890_s_at	2763.3	2877.6	2819.3	1029.3	1080.4	942.29	438.58	270.24	394.32	215.39	229.45	271.7	
204891_s_at	5595.8	5501.5	5076.3	1646.3	1432.3	1369.1	287.52	250.33	239.88	136.32	59.898	90.477	
204959_at	4024.7	4049.5	3876.5	2280.7	2074.8	2334.8	3600.9	4029.3	3674.5	4219.2	4132.9	4016.5	
204961_s_at	902.11	884.84	993.11	1172.7	1688.6	1285.1	803.87	913.61	756.57	1003.1	963.77	977.53	
204971_at	5974.8	5825.8	7234	3156.7	3652.5	3378	5881.7	5829.3	6043.1	6593.1	5811.1	5786.6	
205000_at	2075.6	2098.1	1978.4	2856.7	2269.4	2520.1	1831.7	1880.8	1676.8	2355.6	2998.4	2429.4	
205124_at	299.51	281.7	328.66	540.6	537.13	600.59	251.14	352.79	205.52	428.94	351.37	456.23	
205131_x_at	3785.2	3248.2	3444.5	1430.2	1537.2	1313.5	2901.6	2769.6	2787.3	2851.8	2932.5	2982.1	
205280_at	239.14	256.02	282.85	89.943	98.305	141.24	100.17	128.97	142.69	104.72	119.36	110.61	
205297_s_at	1846.1	1704.2	1868.7	3567.4	4527.8	3678.6	1637.7	1328.7	1525.2	2789.6	2539.5	2301.1	
205382_s_at	3068.2	2742.6	3626.4	1444.5	1401.4	1471.1	2685.9	2424.1	2644.4	2644	2963.9	2742.6	
205403_at	380.94	502.02	431.04	1036.4	1008.8	986.31	393.85	362.95	350.74	834.92	764.26	813.09	
205453_at	71.07	103.92	167.02	188.12	191.66	221.1	377.38	357.64	297.16	293.42	278.06	348.83	
205456_at	1400.7	1437	1373.9	665.41	852.12	747.84	286.97	207.7	260.5	246.79	106.44	307.3	
205476_at	22.898	20.417	23.228	37.83	72.327	42.313	68.092	139.19	76.678	53.333	43.285	59.805	
205498_at	418.61	471.63	456.4	1271.4	1261.2	1147.9	1636.3	1660	1714.2	1113.4	1089.1	1157.1	
205544_s_at	3219.7	2945.8	2405.3	7733.9	6953.6	7039.2	5545.9	4740.1	5250.4	5449.3	5042	5196.4	
205569_at	400.79	537.26	443.79	827.8	767.06	757.21	1313.8	1197	1238.1	656.61	712.32	688.6	
205573_s_at	463.11	461.13	447.74	285.4	207.04	198.53	429.44	421.47	478.55	438.4	488.26	519.39	
205612_at	97.482	128.43	97.825	403.95	241.75	255.65	424.99	613.9	595.72	345.78	402.13	312.52	
205671_s_at	711.36	634.42	731.09	1144.1	1939.1	1459.9	579.48	574.51	505.4	1157.1	988.98	1189.1	
205681_at	1893.1	1830.5	1694.8	4941.8	4174.9	4699.4	6266.6	6445.1	5863.2	4429.9	4787.6	4180.4	
205692_s_at	2415.3	2020.2	2369.5	2265	2631.8	2264	1778.9	1817.5	1824.6	2733.5	2409.1	2346.9	
205715_at	1051.9	1016	987.51	459.75	516.72	512.98	916.71	820.79	912.57	827.89	1146.4	873.63	
205801_s_at	514.55	586.73	571.53	1464.3	1279.5	1490.1	526.12	399.83	481.95	853.07	788.14	789.53	
205848_at	324.38	364.68	299.7	178.54	127.47	166.76	129.82	122.97	98.781	55.758	87.954	47.747	
205861_at	2063.9	1989	2188.5	4031	4732.6	4091.3	1655.5	1437.1	1694.3	3011.5	2579.2	3009.1	
205890_s_at	146.82	238.31	221.35	593.52	655.1	655.7	2810.6	2609.5	2827.2	1661.3	1548.8	1637.3	
205902_at	31.967	21.141	18.789	209.9	41.052	55.341	12.792	12.928	16.98	25.606	52.506	42.784	
205903_s_at	432.4	430.35	381.69	708.47	755.05	586.91	216.7	221.15	227.68	528.53	590.96	602.15	
205922_at	209.54	197.27	190.1	475.27	482.48	454.09	157.22	249.6	217.26	389.45	253.28	389.29	
205945_at	3013.6	3080	2545.2	1454.4	1332.5	1808.6	2167.4	2624.9	2077.3	2346.9	2562.8	2260	
205997_at	6.131	31.555	18.668	177.71	143.64	104.17	23.235	24.454	6.605	50.121	80.042	41.492	
206023_at	1028.2	1030.1	1136.4	2333.6	2262.1	2414.6	772.54	654.67	711.2	1768	1669	1684.3	
206045_s_at	5.907	18.116	4.097	156.5	91.256	108.27	223.57	200.44	229.66	24.086	149.82	72.416	
206070_s_at	1330.9	1313.7	1262.4	654.61	515.3	553.86	260.88	266	293.04	168.69	205.05	167.6	
206082_at	146.37	194.19	175.62	472.52	518.24	497.58	551.53	591.69	639.46	270.27	458.39	464.5	
206100_at	832.05	812.93	854.28	420.86	343.51	419.63	666.31	834.07	823.58	773.76	804.64	752.69	
206111_at	15119	14833	17072	11424	13070	13461	17745	15924	16061	19876	14178	17005	
206120_at	525.31	556.48	649.18	282.28	267.16	287.97	682.01	595.29	661.78	493.16	618.04	706.16	
206126_at	186.73	174.74	221.41	331.13	440.06	383.44	159.46	141.03	179.44	389.42	427.96	292.03	
206150_at	1801	1572.6	1729	3247.5	3796.2	3746.5	1252.7	1118.2	1330.2	2759.1	2435.5	2446.7	
206206_at	227.36	259.54	315.05	528.81	528.05	465.28	108.59	192.7	106.5	396.72	251.28	270.44	
206255_at	638.25	563.51	594.53	1165	1308.7	1186.9	816.71	1023.6	840.1	819.32	984.4	1128.2	
206271_at	140.38	150.72	144.64	287.81	383.64	326.22	469.37	425.42	340.25	280.39	399.39	198.68	
206277_at	1012.8	1146.1	1203.9	535.41	464.36	457.85	791.02	930.48	954.32	921.74	950.59	1211.6	
206283_s_at	1685.2	1572.9	1566.3	428.97	426.01	419.51	111.53	102.46	127.46	49.415	60.069	73.308	
206307_s_at	3202.6	3289.8	3994	1589.8	2122.5	1352.6	2943.4	2952.9	3438.3	3770.6	3283.4	2992.2	
206310_at	122.56	116.69	58.453	199.21	176.91	377	34.34	58.6	16.284	167.42	163.36	152.94	
206480_at	328.47	249.09	350.52	137.92	125.12	114.66	183.19	177.46	197.61	269.28	274.67	266.08	
206513_at	1011.3	805.01	934.3	1703.9	2032.8	1589.5	701.58	616.51	726.3	1118.6	1125.7	1240	
206545_at	342.5	314.83	320.84	172.41	137.29	148.72	26.09	60.83	74.256	46.858	36.156	43.165	
206546_at	326.43	316.93	299.55	122.85	69.334	126.78	41.391	57.033	5.448	27.342	3.31	2.735	
206609_at	259.76	237.83	267.46	590.74	614.11	789.9	1217.9	1334.8	1390.2	864.92	868.11	903.57	
206618_at	147.4	164.1	171.04	333.51	229.69	345.12	690.53	748.92	788.29	432.26	393.45	404.35	
206624_at	85.958	85.069	50.374	206.22	145.54	188.09	87.061	90.443	49.823	44.542	125.34	47.425	
206640_x_at	522.21	309.19	487.34	893.12	879.06	964.76	1624.5	1532.6	1634.5	1042.4	754.02	779.22	
206727_at	67.945	69.32	49.822	21.279	5.001	23.343	12.609	8.047	2.33	4.379	1.556	10.237	
206759_at	1337.5	1129.5	1130.4	3137.3	3731.7	3367.3	3986.7	3846.5	3930.6	2644.7	2299.1	2446.2	
206760_s_at	733.43	837.01	681.87	2368.7	2526.7	2554.5	3007.3	2708.4	2686.3	1763.3	1915.6	1767	
206804_at	1387.6	1259.1	1404.7	511.56	549.77	547.43	212	120.48	129.14	20.348	53.755	39.455	
206871_at	17516	16928	18004	8901.2	10103	9312.8	16277	16185	15842	17671	15298	15653	
206975_at	282.46	279.09	371.29	846.92	1131.5	716.26	1241.3	1043.4	1325.2	837.2	729.58	810.45	
206978_at	2654.9	2686.6	2724.4	1620	1590.9	1649.8	2593.7	2400.5	2525.9	3176.6	2883.6	2658.1	
207015_s_at	210.69	257.56	121.79	27.974	38.725	162.76	26.129	29.901	36.972	10.495	14.131	23.873	
207016_s_at	539.06	575.52	726.94	264.93	320.06	383.8	26.028	35.808	74.326	153.78	16.093	94.606	
207039_at	251.32	230.84	243.09	564.84	531.55	572.7	208.06	216.04	248.64	396.36	414.85	268.33	
207245_at	69.497	33.884	40.805	168.83	75.619	151.13	348.07	344.2	490.54	315.36	260.01	218.52	
207250_at	299.19	332.55	250.06	99.371	60.476	97.066	62.435	14.561	13.312	17.918	14.619	21.927	
207281_x_at	127.49	177.21	236.06	370.83	387.97	425.82	642.21	616.75	744.87	530.36	381.75	368.76	
207339_s_at	845.01	741.17	828.72	1537.9	1755.6	1688.2	579.05	552.33	524.89	1082.3	880.16	1117.5	
207341_at	13616	13293	16732	7857	8673.7	7942.6	12277	11544	14892	15165	11709	14666	
207397_s_at	320.31	449.8	369.67	67.741	84.788	107.97	11.594	16.124	3.078	6.12	3.977	7.147	
207398_at	185.09	166.4	190.65	25.55	41.144	26.489	7.204	7.182	24.331	14.533	5.162	6.645	
207469_s_at	663.42	594.37	703.29	580.56	645.57	642.21	1171.8	1044.5	1153.6	794.71	934.76	804.05	
207691_x_at	492.39	538.66	506.71	1174.9	1225.1	1162.6	2415.4	2608.9	2581.7	1640.6	1567.4	1740.3	
207761_s_at	1031.2	1095.9	1015.8	2189.8	2051.9	1911.5	775.28	723.4	661.37	1523.6	1599.9	1513.3	
207861_at	2038.2	2428.3	2349.6	4535.5	5215.2	4705.2	2414.2	2428.1	2599.3	3468.7	3290.8	2919.6	
207865_s_at	1053.3	933.58	953.9	441.34	487.29	554.49	854.42	822.04	810.35	811.21	790.68	816.43	
208029_s_at	3747.4	3780.1	3688.1	1418.2	1625.8	1470.9	1736.3	1712.4	1741	1909.8	1999.7	1890.1	
208461_at	4.267	4.013	8.572	14.677	49.105	80.952	120.11	102.67	106.22	47.171	35.339	9.004	
208524_at	570.62	581.58	690.7	1694.8	1531.8	1677.7	2981.1	3132.3	3468.7	2050.3	1722.7	1871.5	
208683_at	3816.6	3809.1	4017.9	2218.2	2286.6	2110.5	3694.3	3692.1	3682.5	3942.1	4050.7	4028.3	
208937_s_at	2775	2594.5	2633.5	918.05	702.47	926.27	718.24	680.92	725.46	618.46	764.75	647.66	
209031_at	622.63	513.45	530.96	1106.2	1498.4	1256.8	3005.4	2867.9	2542.9	1738.3	1892.9	1635.4	
209160_at	366.63	188.98	221.98	92.851	117.76	125.09	52.214	82.383	69.132	72.615	55.955	64.801	
209185_s_at	1449.8	1568.5	1795.7	850.4	1203.5	1058	1592.6	1260.9	2012.3	1754.1	1533.5	1930.5	
209191_at	3543.7	3793.4	3722.9	2104.8	2067.7	2058.2	3419.5	3354.6	3345.2	3908.2	3902.2	3717.1	
209210_s_at	533.21	572.34	589.11	592.05	526.44	575.38	1284.5	1169.3	1338.1	705.77	844.34	729.15	
209213_at	194.57	239.99	221.8	203.68	207.69	182.27	527.98	559.32	596	400.66	372.36	474.94	
209301_at	15902	16197	18309	13282	13174	14398	17489	17606	17511	18722	16702	17632	
209355_s_at	14.762	11.708	21.691	58.828	18.284	82.516	187.69	217.28	160.79	87.934	81.439	63.049	
209374_s_at	12047	12150	12283	21036	32724	26348	9293	10036	11733	18036	15522	18433	
209395_at	18663	17916	19719	12809	13618	13918	17892	18659	18540	20267	17526	18140	
209396_s_at	16507	15579	18114	10185	11805	11314	16229	16814	16672	18236	15506	17165	
209470_s_at	205.72	211.67	168.45	667.14	606.31	616.24	745.75	764.08	728.01	569.52	623.3	466.14	
209473_at	511.5	574.23	547.04	1486.7	1410	1372.9	2532.1	2579.9	2568.8	1340.6	1659.2	1592.9	
209474_s_at	286.64	371.67	306.31	1239.5	1092.8	943.72	2275.2	2543.7	2041	1365.3	1571.8	1503.5	
209524_at	1045.7	973.38	861.37	436.01	347.79	327.61	314.04	318.24	223.83	134.55	216.61	216.74	
209590_at	372.15	347.29	219.77	615.08	675.73	541.34	254.39	257.72	254.4	414.59	387.81	461.56	
209591_s_at	473.79	505.09	582.65	981.44	947.22	977.68	346.5	411.61	426.3	740.24	609.58	743.88	
209598_at	1124.7	1208.4	1079.5	407.99	445.31	380.33	104.42	201.73	203.54	126.26	120.89	132.39	
209602_s_at	243.97	264.91	201.75	84.062	97.554	108.61	3.439	5.361	5.848	5.462	3.452	7.645	
209604_s_at	2241.4	2355.9	2020.9	848.4	742.48	812.77	273.71	422.92	345.02	246.62	220.65	247.17	
209616_s_at	1892.3	1618.3	1860.2	904.99	823.69	834.53	1556.5	1514.2	1274.5	1624.6	1722	1398.7	
209619_at	16504	15343	18527	21204	34598	28976	19127	19402	19600	23982	18825	21172	
209692_at	98.045	133.81	145.77	220.48	180.36	159.6	316.65	333.29	326.02	240.87	169.27	188.75	
209728_at	171.92	205.51	81.789	914.48	555.83	761.34	1122.9	1263.3	838.49	758.97	1000.1	632.12	
209729_at	527.87	402.28	338.62	76.401	48.557	174.79	91.375	172.09	54.068	52.921	80.407	83.857	
209757_s_at	206.81	227.32	120.24	35.869	70.759	74.011	12.215	25.302	8.772	13.21	6.154	13.272	
209763_at	1279.4	1278.1	1235	494.32	350.8	377.69	158.86	174.84	178.49	56.235	117.54	95.195	
209803_s_at	404.12	424.56	370.47	233.25	172.4	237.22	378.03	336.23	340.48	377.06	471.35	357.14	
209829_at	479.1	595.74	551.91	1440.3	1072.8	1206.8	355.24	435.36	446.92	703.3	839.38	717.32	
209881_s_at	969.85	824.39	888.15	210.1	276.83	227.89	199.56	161.34	67.306	207.63	30.452	51.782	
209905_at	649.8	658.04	682.35	289.48	306.99	322.97	559.04	543.73	480.41	582.11	737.96	747.32	
209933_s_at	675.98	549.61	672.76	1379.9	1457.3	1375.9	1591.3	1316.3	1400.1	1002.9	1131.1	1004.8	
209942_x_at	2060.8	2022.5	2099.3	5366.6	6040.5	5991.5	12248	13454	12643	9052.3	7840.7	8222.3	
209987_s_at	10.05	21.151	21.212	98.864	133.24	98.643	421.75	353.94	367.66	201.86	249.01	370.55	
209988_s_at	157.34	53.047	131.82	229.91	235.79	235.95	1208.5	1167.4	1138.1	656.77	662.76	686.69	
209995_s_at	1956.4	1887.8	2250.9	4329.8	4607.6	4424.8	1568	1439.7	1565.4	2846.5	2783.9	2677.3	
210031_at	688.21	495.34	614.19	291.42	269.77	300.8	115.83	87.357	75.658	107.03	65.889	127.66	
210103_s_at	45.5	30.525	23.192	141.86	109.55	119.43	174.55	372.71	60.893	24.246	147.52	41.94	
210116_at	1309.9	1117.3	1071.3	365.35	313.86	317.62	39.982	67.021	16.345	68.357	19.766	55.698	
210135_s_at	2565.2	2317.6	2582	1201.7	1255.4	1086.1	2466.6	2044	2283.8	2288.5	2578.4	2420.5	
210145_at	563.64	461.53	382.38	402.75	287.21	391.49	863.77	810.87	827.52	571.63	756.51	670.16	
210254_at	4784.6	4873.6	5081.5	2843.5	2418.9	2694	4436.7	4669.1	4762.5	5133.1	5017	4914	
210258_at	4527.5	4960.3	5012.8	10137	9776.4	10714	3405	3541.4	3311.2	6911.2	7401.2	6711.8	
210295_at	403.07	238.01	348.78	780.01	1303.8	779.51	2387.7	2066.1	2232.5	1297.9	1209	1511.8	
210450_at	306.62	372.43	320.4	636.35	505.04	722.3	254.07	259.63	274.03	284.6	554.09	347.7	
210467_x_at	740.81	739.42	767.22	1852.7	1770.2	2061.2	4837.5	4716.4	4518.7	2802.9	2918.7	2911.6	
210506_at	503.79	494.63	443.22	261.41	302.31	210.9	426.71	349.23	366.21	449.69	413.76	402.98	
210546_x_at	129.02	261.56	366	954.18	1042.3	941.56	2104.7	1875.8	1695.5	971.14	969.95	935.89	
210643_at	295.15	244.82	329.85	759.81	698.32	728.07	1552.4	1607.4	1419.9	968.71	1048.8	943.67	
210783_x_at	3439.4	2721.9	3187.4	1176.4	1292.3	1042.5	2441.8	2394.1	2484.6	3094	1989.1	2235.1	
210830_s_at	456.46	434.32	456.33	489.01	436.89	464.07	1071.3	1193.5	1109.1	777.21	881.96	818.61	
210942_s_at	645.37	525.63	616.72	590.75	713.51	696.67	967.34	1087.5	1030.8	873.3	835.92	737.15	
210948_s_at	524.18	465.56	612.27	216.08	257.12	225.2	250.86	208.51	223.54	202.26	139.67	69.314	
210982_s_at	9035.9	9043.8	10157	17104	23351	19934	16181	16324	18463	17743	14118	16884	
211005_at	1108.6	1069	1101.2	386.95	487.33	431.34	257.13	264.99	267.85	261.17	233.88	166.85	
211102_s_at	249.67	188.91	246.61	52.742	160.01	71.441	113.46	202.24	187.67	184.13	239.35	202.58	
211153_s_at	100.15	88.538	131.07	265.32	38.431	107.4	483.02	449.74	598.67	406.74	293.28	148.54	
211209_x_at	466.65	378.32	412.71	169.8	76.48	25.836	19.251	7.588	68.127	11.73	15.762	5.918	
211210_x_at	726.54	647.83	716.2	278.91	258.07	137.19	68.705	10.478	180.86	128.47	28.411	93.824	
211211_x_at	557.97	580.86	522.79	220.49	160.31	196.94	6.64	48.821	76.482	15.531	54.962	88.25	
211259_s_at	111.55	180.38	147.41	267.4	419.19	284.1	129.39	111.94	101.71	260.52	219.21	156.6	
211372_s_at	264.86	319.13	318.8	501.2	596.76	586.65	154.78	182.9	130.47	330.36	405.87	414.13	
211379_x_at	322.93	260.7	189.05	156.64	118.55	150.86	180.09	241.4	250.17	185.78	304.26	243.52	
211421_s_at	1597	1571.3	1789.8	887.03	785.5	970.65	1363.7	1416.7	1481.6	1577.7	1700.8	1431.7	
211458_s_at	155.81	149.63	192.95	39.896	61.009	76.439	18.533	27.227	25.622	7.179	9.038	46.302	
211478_s_at	38.824	92.705	91.319	204.65	216.71	258.53	205.88	217.31	333.12	93.551	199.54	125.94	
211603_s_at	66.651	143.23	146.88	216.59	194.28	134.87	447.25	374.81	404.85	242.39	241.45	183.63	
211633_x_at	106.73	93.715	21.37	178.9	77.734	185.07	20.08	77.831	27.491	15.313	76.131	24.521	
211634_x_at	255.05	223.7	309.41	500.67	576.99	529.77	43.95	90.901	184.65	371.49	381.3	496.67	
211635_x_at	291.64	278.38	248.22	436.19	628.69	528.17	263.54	130.25	236.93	251.41	312.71	598.48	
211640_x_at	98.177	59.437	115.02	246.57	94.838	248.13	59.919	19.844	10.739	119.88	92.647	138.66	
211643_x_at	1136.3	1229.8	923.12	1510.5	2047	1987.5	767.94	950.92	589.19	1241.8	1135.5	1464.2	
211644_x_at	17654	17758	19080	23911	37138	31382	15665	14924	16660	25832	20220	25678	
211674_x_at	423.96	371.32	475.58	1163.3	1353.5	1134.8	2699.7	2625.1	2172.3	1350	1556	1298.7	
211795_s_at	1314.9	1251.5	1166.6	398.32	481.62	488.57	321.89	268.08	303.64	276.81	307.64	328.33	
212012_at	698.08	856.48	777.23	338.06	287.67	369.15	117.62	28.233	138.08	26.048	31.119	119.52	
212013_at	439.73	313.85	425.1	179.69	236.41	173.56	110.53	103.77	123.2	50.374	64.639	81.034	
212158_at	1378.5	1347.6	1315.5	885.23	697.52	790.92	1266.8	1244.7	1093.7	1246.4	1477.3	1289.1	
212268_at	237.44	377.73	314.68	184.11	269.31	258.86	295.49	276.91	386.2	316.33	360.54	391.2	
212364_at	590.13	491.74	560.33	168.01	194.35	95.809	93.309	100.04	60.236	59.806	9.418	125.27	
212592_at	8611.7	8132.7	7832.2	13227	14400	15674	7286.9	8210.2	7010.9	11145	11186	9617	
212624_s_at	630.66	510.75	567.21	200.88	134.22	149	117.64	101	39.873	19.327	16.191	46.623	
212636_at	1361.3	1164.9	938.23	779.68	664.16	709.65	1077.5	1297.9	1000.2	1236.7	1285.9	1142.6	
212671_s_at	3356.5	3456.5	3499	9033.6	9247.8	9869	7961.7	7583.5	7994.8	7267.5	7102.3	6915.5	
212698_s_at	452.41	500.69	331.36	1538	1292.6	1443.2	1648.5	1772.8	1531.4	1021.8	1205.3	1044.1	
212713_at	43.401	18.083	35.8	21.131	18.91	17.221	13.083	22.894	10.382	11.987	19.866	14.768	
212776_s_at	454.47	387.19	405.47	163.16	206.44	121.52	198.04	281.55	270.3	407.58	347.6	242.23	
212827_at	3717.7	3932.6	3750.6	9023.9	9530.9	8775.7	3481.2	3442.7	3403	5859.4	6375	5750.6	
212993_at	973.51	1033.1	900.02	488.24	538.74	539.96	859.87	828.54	817.39	820.93	980.51	944.64	
212998_x_at	2183.1	1737.7	1556.2	4575.6	4378.2	4924.1	3488.9	3374.2	3234.5	3850	3600	3296.2	
213095_x_at	3595.1	3611.8	3827.6	687.57	1003.8	735.75	1640.6	950.23	903.86	1332.4	890.61	1353.2	
213293_s_at	836.4	691.94	639.45	2189.3	1580.9	1681.8	2921.8	2821.1	2795.5	2072.4	2034.5	1973.8	
213308_at	103.38	109.69	139.57	258.89	183.98	249.77	54.2	48.704	41.67	152.01	134.9	89.411	
213338_at	385.57	433	503.96	165.15	270.37	151.6	301.9	377.12	441.79	383.42	445.84	399.61	
213355_at	677.7	540.08	557.15	519.21	537.01	570.38	813.28	863.64	1010.8	720.65	708.25	862.44	
213423_x_at	590.08	605.58	527.03	202.45	223.16	234.98	128.03	129.43	116.37	20.999	104.77	46.177	
213456_at	795.73	785.58	790.86	306.85	282.62	271.68	14.83	110.5	48.066	13.842	60.492	16.437	
213539_at	6653.5	6305.6	7099	2204.6	2183.2	2158.2	451.36	350.57	559.42	280.14	152.58	268.63	
213668_s_at	917.59	748.92	833.25	224.07	297.27	166.69	128.8	91.984	86.57	16.878	33.174	92.112	
213802_at	636.39	705.01	577.24	476.68	354.8	403.14	639.03	721.07	539.9	651.35	775.63	809.7	
213817_at	1041.4	968.97	926.26	549.44	461.75	546.8	1013	913.33	876.12	959.86	1184	1008.5	
213894_at	983.98	924.34	1101.2	636.95	593.46	593.02	997.46	1083.5	1028.1	1028.8	865.69	1005.9	
213975_s_at	5656.5	6476	5655.1	4279	4023.5	4252.7	6147.4	6239.1	5443	6135.5	7472.2	6309	
214032_at	784.11	751.11	962.26	195.59	237.37	167.48	83.96	15.202	49.744	25.154	15.487	8.685	
214039_s_at	8128.3	8992.9	8580.8	3812.4	3733	3681.7	4331.3	4381	4265.3	4697	4770.4	4353.9	
214084_x_at	1070.1	1065.6	782.69	1590.7	1721.8	1956.7	664.12	604	586.84	1297.1	1052.1	1099.3	
214181_x_at	2046.2	1645.8	2087.1	901.67	857.5	860.01	2113.3	1586.3	1578.2	1614.5	1956.5	1985.9	
214183_s_at	14596	14145	17035	4732.3	5276.5	5086.7	1017.1	1057.1	981.84	286.98	322.59	301.9	
214254_at	1372.4	1359.1	1279.4	4024.3	3835.3	3883.8	7169.8	7277.3	7234.5	4911.3	4931.5	4345.6	
214366_s_at	283.28	314.39	292.51	390.2	493.2	414.2	160.24	143.71	248.55	336.39	275.88	272.36	
214511_x_at	2577.9	3000.5	3031.2	1482.3	1509.9	1518.1	2698.8	2619.5	2307.9	2811.3	3103.6	2925.4	
214575_s_at	23871	22457	26754	11745	18185	13639	23968	23300	25412	25803	18037	23181	
214603_at	301.84	355.91	281.31	891.47	745.3	816.89	2322.9	2393.8	2275	1096.2	1437.4	1182.9	
214612_x_at	2081.4	2096.4	1806.5	5676.8	5342.1	6122.6	11174	12254	11995	8157.3	7921.7	7454.2	
214615_at	160.22	125.93	180	492.51	369.14	533.63	581.88	862.98	606.78	513.58	484.35	361.3	
214651_s_at	1608.8	1680.2	1412.2	835.49	806.19	755.78	1294	1682.5	1563	1720.7	1650.5	1520.2	
214669_x_at	14029	12984	15045	17940	26047	23350	12941	11479	13176	19475	14736	17604	
214920_at	1454.6	1595.7	1401.7	915.38	683.67	880.82	1526.5	1516	1271.5	1473.2	1638.7	1550.4	
215051_x_at	3586.8	3452.3	3970.2	1097.9	1424.7	1166.8	1917.5	1475.3	1465.2	1881	1197	1622.4	
215176_x_at	1173.7	1141.3	1227.1	744.91	904.48	1050.2	1607.4	1083.6	1168.1	1237.3	823.01	2058.1	
215294_s_at	96.616	44.922	62.24	5.552	1.994	5.367	2.929	3.842	1.985	7.178	0.959	2.299	
215443_at	86.421	50.87	61.52	4.55	10.776	2.936	4.453	3.647	4.064	8.008	2.284	4.771	
215733_x_at	25.454	61.871	12.429	485.93	448.08	236.12	1109.1	947.96	864.27	372.15	444.16	494.39	
215784_at	130.36	126.88	143.21	41.362	30.573	59.118	42.993	48.135	68.36	17.238	5.098	85.825	
215990_s_at	352.24	380.2	399.3	626.72	616.18	502.77	321.26	245.4	261.06	370.24	400.8	478.63	
216015_s_at	383.58	349.43	444.47	116.77	227.93	173.71	286.77	292.15	394.2	261.2	348.67	347.5	
216191_s_at	138.77	145.91	118.47	281.42	297.6	268.54	373.71	467.92	393.2	278.54	262.48	227.62	
216370_s_at	9637.6	9266.3	10552	3027.2	3057.9	3108.6	699.69	622.55	595.03	260.25	248.41	224.65	
216401_x_at	273.93	286.82	187.93	333.94	45.855	468.92	396.34	350.42	415.85	141.37	117.64	191.18	
216541_x_at	154.94	120.21	124.02	211.07	299.05	194.59	52.358	70.037	94.685	109.78	107.67	137.03	
216576_x_at	601.93	508.1	558.94	1325.5	1296	1472.5	1422.5	1374.9	1539.1	1203.5	965.9	1203.5	
216667_at	1450.8	1582.4	1697.9	812.45	893.57	881.29	1337	1377.1	1499.6	1781.6	1656.4	1532.5	
216834_at	462.03	498.57	455.93	1246	1189.6	1133.6	511.94	317.06	428.88	655.41	697.26	626.55	
216905_s_at	1136.5	987.11	1099	681.56	955.2	700.56	791.95	733.49	718.14	950.15	820.85	798.72	
216925_s_at	506.74	431.39	511.02	72.619	180.69	113.42	47.997	80.147	89.743	136.19	32.787	25.819	
216950_s_at	2431.9	2134.9	2623.2	1160.1	1468.2	1294.3	2102.7	2012.6	2303.6	2372.3	2183	2145.2	
217078_s_at	106.89	107.03	144.53	333.1	594.78	275.94	474.86	680.94	606.9	272.7	348.48	263.13	
217147_s_at	402.57	412.28	382.04	188.24	193.99	183.09	95.433	85.027	104.44	56.659	79.174	97.59	
217281_x_at	269.34	200.62	195.71	191.74	326.37	175.96	214.62	259.41	227.61	327.11	189.95	299.63	
217339_x_at	144.65	105.39	68.008	521.95	478.83	506.59	881.51	791.37	1070.6	669.58	524.78	557.75	
217489_s_at	582.88	702.64	499.27	300.53	336.42	403.89	558.74	433.81	501.97	481	441.08	542.78	
217728_at	5793.7	6464.2	5667.3	2368.6	3479.3	2742.9	6201.8	4963.1	4888.8	5304.1	4911.9	6033.5	
217762_s_at	1513.7	1510	1664.7	786.26	768.54	726.99	1367.6	1395.2	1653.2	1500.4	1554.7	1601.3	
217763_s_at	973.13	915.9	875.3	514.41	567.99	423.18	854.91	727.66	911.64	842.59	943.92	890.01	
217764_s_at	2313.1	2047.9	2106.7	1400.8	1378.2	1475.8	2130.9	2013.4	1987.1	2465.1	2402.9	2071.9	
217865_at	2801.9	2672.6	2714.6	987.29	847.98	1107	1188.3	1180.7	1188.3	1372.3	1282.6	1048.7	
217963_s_at	8025.5	8160.4	9452.7	4057	4130.6	3830.3	5042.1	5178.6	4525.4	5514.3	5595.8	5523	
217979_at	1725.4	1657.4	1597.1	553.44	477.61	548.07	225.56	340.79	282.26	234.17	237.66	296.3	
218035_s_at	457.31	363.29	490.45	609.03	694.31	563.78	1539.8	1405.7	1486.7	988.12	1029.4	909.22	
218066_at	1384.1	1341.9	1434	529.7	474.37	619.87	278.31	225.12	282.21	191.73	232.59	292.66	
218656_s_at	349.96	313.82	323.57	580.71	547.11	733.08	213.93	239.18	174.66	466.79	390.08	446.87	
218717_s_at	593.01	537.45	515.44	1722.2	1883.6	1324.5	2025.3	2232.5	2599.1	2097.2	2076.5	2386.9	
218730_s_at	324.46	435.88	351.45	108.21	102.83	109.8	8.421	8.832	37.06	6.338	33.379	7.548	
218824_at	220.41	242.01	199.17	49.995	96.547	89.092	14.688	16.217	68.294	49.35	46.427	49.24	
218922_s_at	60.987	86.055	75.452	209.45	327.92	249.01	159.56	89.623	215.46	285.28	215.65	231.02	
218976_at	604	689.72	662.96	1528	1685.2	1392	823.34	700.62	577.4	1219	1041.7	1207	
218980_at	179.31	158.88	176.84	443.75	473.71	576.56	728.88	556.19	432.09	509.59	449.18	493.66	
219024_at	258.04	300	368.13	27.726	21.831	67.651	41.379	13.299	56.912	30.902	8.856	59.098	
219073_s_at	779.82	866.19	894.96	2160.9	1816.2	1813.9	654.32	667.64	615.22	1147.2	1348.7	1262.1	
219243_at	492.02	595.73	484.8	199.96	304.56	230.92	90.256	98.261	111.59	20.889	14.614	69.98	
219247_s_at	437.36	450.25	464.45	419.69	733.54	616.99	285.49	181.38	316.91	430.29	455.88	295.62	
219274_at	230.85	167.62	280.95	587.23	559.87	512.69	545.61	666.06	564.98	426.5	493.11	406.44	
219288_at	1149.3	1282.7	1230.1	602.11	538.27	627.21	1291.9	1444.7	1135.6	1186.8	1334.7	1330	
219360_s_at	223.56	212.77	380.48	73.537	33.502	27.54	205.11	299.6	199.35	246.96	275.94	326.46	
219424_at	1415.8	1466.1	1050.7	4011.4	4134.9	4037.3	4588.9	4016.7	4007.6	3024.5	3694.3	3407.8	
219517_at	1722.1	1810.4	1577.6	3879.5	3872.3	3826.9	1784.7	1662.7	1503.9	2661	2746.5	2553.2	
219518_s_at	764.47	853.77	821.54	1696.7	1884	1733.5	797.27	731.4	670.6	1174.6	1311.2	1335.1	
219528_s_at	1641	1654.8	1603.7	604.05	586.59	690.26	311.94	420.8	260.44	160.66	182.21	203.77	
219532_at	434.96	307.37	367.38	185.64	115.99	145.09	53.994	20.542	23.159	47.863	8.926	15.741	
219574_at	127.13	87.289	47.815	106.36	132.54	154.26	68.408	58.041	52.117	80.478	158.96	83.637	
219607_s_at	267.23	243.36	240.64	159.73	108.18	159.5	229.33	213.09	252.89	234.65	267.97	224.5	
219654_at	1714.2	1731.3	1547.9	670.02	542.68	599.22	625.25	528.25	623.29	551.75	655.83	508.62	
219659_at	234.79	302.63	262.74	83.415	43.418	133.96	50.942	73.978	20.942	27.911	48.253	17.054	
219714_s_at	1135	1243.5	1259	749.37	588.23	680.17	1015.6	1148.6	1061.8	1180.7	1292.3	1291.9	
219725_at	1846.8	1833.1	1984.5	948.62	1119.1	1005.4	1984.6	1723.5	1832.3	1836.1	1872.5	1951.8	
219799_s_at	4704.6	4377.1	4967.3	2584.8	2950.1	3202.4	4165.5	4374.8	5390.8	5084.8	4760.4	5146.2	
219855_at	648.94	616.38	722.28	119.27	305.84	191.67	163.91	93.05	105.08	124.19	46.842	88.835	
219937_at	975.12	1005.4	873.89	607.05	576.01	567.82	867.28	912.75	889.69	1003.8	932.83	891.18	
219945_at	639.23	516.05	589.47	299.98	279.75	452.83	69.462	122.9	149.89	103.45	77.463	76.05	
219985_at	357.4	297.01	285.82	1028.3	777.67	799.4	1164.7	996.01	915.46	664.36	510.88	651.06	
220057_at	2305.6	2261.6	2181.3	1210.6	1238.3	1134	2115.6	1865.9	2162.4	2401.4	2185.3	3217.4	
220059_at	901.63	1031.1	954.26	2548.3	2385.1	2485.5	1672.8	1601.7	1453.3	1574.3	2016.5	1660.1	
220068_at	1663.2	1592.4	1498.8	2929	3190.9	3368.4	1052.7	1021.3	1167.1	2085.4	1961.4	2105	
220129_at	172.53	174.7	263.19	704.47	494.6	581.67	1491.3	1469.1	1463.6	872.41	852.55	923.62	
220132_s_at	565.37	452.12	494.91	1283.8	1151.3	1075.2	324.23	405.03	458.5	632.1	681.86	641.52	
220301_at	22.135	55.358	55.001	171.79	135.63	125.94	218.36	152.48	109.12	85.282	146.26	71.44	
220377_at	36.653	45.132	16.866	273.39	121.53	144.53	42.769	39.253	34.335	37.361	17.528	18.048	
220416_at	1300	1151.9	1234.5	701.72	567.51	589.39	1046.8	1132.6	1143.7	1187.4	1265.7	1262.2	
220418_at	247.29	81.056	167.91	111.59	6.433	18.917	4.702	4.805	5.508	6.539	5.796	4.653	
220432_s_at	122.46	86.695	80.756	240.69	93.302	221.98	41.6	68.708	45.149	124.32	140.56	170.71	
220448_at	412.7	334.78	322.05	535.89	793.85	655.91	142.51	153.34	169.12	390.95	387.26	465.14	
220474_at	90.716	82.891	63.731	219.62	199.99	189.33	308.17	259.69	274.5	116.79	176.99	158.43	
220565_at	121.53	143.78	125.37	334.74	340.68	350.21	803.05	762.42	667.73	245.56	393.72	366.64	
221003_s_at	120.27	46.469	32.66	149.59	43.363	52.858	23.11	17.972	16.873	119.25	67.569	129.98	
221111_at	64.426	71.01	22.6	18.232	42.212	34.263	2.455	4.9	5.116	5.139	1.843	5.898	
221558_s_at	2935.1	2975.2	3065	1386.7	1455.3	1294.3	1373.1	1247.9	1281.8	990.08	804.01	942.03	
221704_s_at	645.1	670.98	727.17	206.09	265.76	227.88	218.9	173.19	211.37	247.52	230.94	194.24	
221766_s_at	7367.1	7424.7	7112.7	4258.4	5322.7	5439	6909.5	6454.9	7173.6	7398.1	6039	7581.8	
221900_at	1044.6	956.85	938.38	485.29	552.21	359.69	924.37	903.55	851.16	882.53	924.97	1237.6	
221933_at	155.93	161.13	86.766	10.457	12.178	90.497	62.354	51.718	12.426	9.961	36.873	12.927	
222144_at	637.73	723.87	724.5	329.15	313.02	357.83	494.98	561.26	497.54	541.93	637	750.87	
222288_at	513.47	519.91	436.84	199.77	130.64	173.27	77.124	33.372	26.393	67.056	51.892	27.904	
222450_at	243.7	318.45	299.64	31.613	32.341	87.312	5.951	7.744	19.365	5.609	18.042	6.438	
222463_s_at	780.15	662.56	776.77	216.72	359.57	259.32	457.71	532.76	416.76	677.02	672.21	568.36	
222698_s_at	530.62	472.98	433.65	296.3	254.27	295.27	442.68	427.86	360.84	347.23	499.38	383.54	
222722_at	497	587.7	561.23	267.04	223.84	266.53	122.76	173.88	39.37	25.351	63.917	126.54	
222803_at	284.86	203.94	188.88	397.01	288.89	387.44	916.25	1134.5	1024.5	613.09	657.27	597.01	
222895_s_at	1984.4	2166.3	1868.7	765.29	634.22	590.44	352.34	323.61	266.76	214.53	193.6	199.91	
222902_s_at	4593.2	4374.5	4279.8	1985.9	2027.3	2421.8	3540	3560.3	3795.2	4393.6	3538.8	3845	
223120_at	1535.6	1606.6	1361.3	844.19	783.34	799.42	1527	1338.8	1399.1	1278.6	1542.3	1504.6	
223170_at	235.81	220.41	234.21	79.656	211.5	27.787	96.757	35.53	114.54	88.914	9.318	62.633	
223280_x_at	2473.4	2328.6	3154.8	1693	1693.3	1506	2871.7	2415.2	2540.8	2967.1	2917.2	3144.9	
223313_s_at	210.33	176.77	268.68	11.453	46.5	41.44	5.051	9.512	11.109	19.428	5.286	14.214	
223551_at	1519.5	1444.7	1259.1	813.42	603.3	678.52	1529.7	1243.9	978.15	1166.7	1308.9	1135.6	
223622_s_at	669.82	839.69	705.54	395.6	519.25	394.65	742.26	637.95	777.71	757.02	767.68	871.31	
223642_at	2353.4	1927.4	2312.8	1204.6	925.5	1051.9	1846	1683.6	1738.1	1775.9	1738.2	2019.1	
223696_at	715.33	762.17	808.69	444.19	329.1	380.03	659.83	519.79	570.83	661.21	807.33	587.67	
223721_s_at	313.33	313.1	323.55	726.19	569.7	575.12	222.52	220.09	246.96	354.11	431.26	444.35	
223775_at	111.42	115.35	86.682	43.75	20.892	8.472	6.163	8.293	22.675	4.242	3.583	9.989	
223952_x_at	5412.6	5189.3	6035.4	2771.4	3378.3	2976.7	5226.8	5074.7	5498.5	5492.7	4990.6	5605.2	
223975_at	28.317	69.875	33.302	217.43	245.04	249.57	604.25	734.67	668.28	462.49	426.05	412.33	
224009_x_at	5382.4	4798.1	5709.7	2964.9	2837.3	2812.8	4892.4	4950.9	5121.1	6038.2	4938.9	5527.9	
224048_at	734.97	830.87	931.91	335.51	309.99	317.47	96.236	155.83	109.99	141.77	73.359	148.04	
224356_x_at	3012.4	2777.4	3045.3	1767.8	1551.9	1564.3	2852.4	2573.3	2793.6	3126.6	2954.9	2965.4	
224358_s_at	1279.8	1236.8	1291.9	727.29	737.25	698.43	1218.5	1033.9	1068.3	1123.9	1195	1018.4	
224461_s_at	199.14	77.674	109.05	244.12	176.44	245.21	595.77	527.08	625.27	476.41	401.74	312.87	
224499_s_at	793.3	704.38	680.12	1848.2	1659.8	1767.7	1363.8	1292.4	1185.2	1348.7	1517	1520.5	
224588_at	213.75	153.78	208.05	704.09	746.98	708.43	1086.8	1004.8	1202	824.34	914.53	717.56	
224589_at	140.69	108.51	85.427	260.6	318.09	204.31	362.25	400.32	442.74	275.2	306.88	274.91	
224590_at	68.717	31.029	21.744	191.9	164.03	187.92	333.25	318.82	253.23	190.34	218.64	192.29	
224710_at	25.549	8.047	14.764	166.75	113.98	179.58	450.4	418.41	587.64	219.92	248.44	206.8	
224832_at	196.99	193.7	87.139	469.18	582.35	422.77	530.62	654.64	623.48	373.13	517.14	354.57	
224862_at	2143.3	2573.1	2037.5	1080.6	797.43	944.29	862.71	849.94	653.59	699.7	1002.2	733.94	
224973_at	1852.3	2040.6	1690.9	1438	984.11	1324.9	1672.6	1784.3	1672.8	1760.9	2442.6	1814.3	
225056_at	450.12	507.55	485.61	104.28	186.52	90.016	79.415	93.069	30.561	91.648	82.062	83.714	
225129_at	1190.3	1129.2	1184	673.39	598.2	529.15	1029.3	1294.9	1111.1	1183.3	1483	1227.7	
225387_at	372.62	236.3	335.82	143.76	26.333	165.28	166.88	28.853	24.573	100	170.46	91.627	
225681_at	791.12	795	744.82	240.18	176.15	312.36	142.25	76.219	103.86	10.67	46.177	69.173	
225782_at	443.12	404.81	320.92	301.71	225.77	268.67	413.5	512.24	427.75	431.81	560.72	525.12	
225792_at	64.671	48.533	52.477	157.06	115.9	142.67	328.07	437.05	355.8	268.49	234.42	172.4	
225897_at	1011.2	1259.2	1062.9	1828.4	1620.9	1699.7	4093.6	4003.3	4086.3	2802.4	2690.2	2658.4	
225911_at	332.35	322.33	350.62	678.49	659.17	821.49	941.07	878.97	672.43	844.74	708.85	882.17	
225962_at	456.77	481.09	490.03	189.96	100.07	60.551	45.788	16.367	6.87	10.139	7.292	16.934	
226099_at	470.04	475.24	374.22	677.11	622.61	600.45	1617.3	1544.8	1484.4	988.87	1068.8	981.3	
226247_at	530.08	498.09	517.48	143.21	208.85	207.34	51.655	99.431	52.316	53.584	43.052	38.997	
226333_at	3343.4	3545.9	2970.1	2154	1688.4	2224.3	3053.3	3213.1	2673.8	3348.4	3825.2	3005.2	
226548_at	423.23	402.23	373.18	145.34	63.857	53.272	8.57	17.192	10.85	6.131	13.597	12.249	
226636_at	127.14	193.61	195.53	316.77	319.04	296.7	346.3	338.84	402.37	267.71	339.27	217.87	
226677_at	2125	1957.9	1847.7	1025	832.21	783.84	1344.1	1128.2	1334.5	1497.4	1720.8	1392.7	
226811_at	387.98	439.56	404.33	238.89	134.14	166.52	133.03	116.6	84.792	55.747	56.952	8.212	
226884_at	145.35	103.89	83.57	6.795	9.668	15.317	11.709	2.622	8.881	18.784	1.342	8.039	
227030_at	876.92	691.29	701.1	1841.1	2365.8	2068	937.76	921.68	1176.7	1260.7	1246.2	1402.6	
227034_at	91.233	126.34	37.595	164.2	283.34	277.35	409.2	247.02	514.12	250.94	261.62	219.97	
227036_at	570.68	519.07	492.89	307.75	327.74	379.72	507.81	469.56	602.56	530.88	630.3	545.71	
227174_at	134.11	96.406	175.42	322.28	382.47	314.04	597.85	518.89	548.26	357.79	308.18	365.36	
227189_at	857.29	853.58	875.91	1916.6	1798.7	1839.8	517.88	543.22	733.19	1306.7	1296.7	1327	
227266_s_at	1125.8	1029.1	985.34	413.45	446.3	396.13	238.23	291.67	324.59	242.76	294.79	266.27	
227347_x_at	694.94	640.14	671.54	158.62	130.45	168.11	19.358	76.348	41.569	55.112	27.411	27.761	
227371_at	107.07	82.364	45.919	199.56	238.32	163.28	327.6	361.33	449.31	252.77	233.18	217.49	
227372_s_at	104.7	167.07	104.17	326.58	362.04	233.01	648.27	656.62	510.56	275.81	519.69	313.11	
227623_at	70.689	75.634	70.922	266.57	195.34	221.57	558.88	577.89	507.63	337.93	300.13	342.67	
227671_at	353.69	322.13	349.15	1031.5	1050	920.41	2327.3	2216.6	2117.3	1282.1	1189.5	1571.4	
227742_at	1160.2	895.51	985.19	2551.8	2701.6	2430.5	5174.3	4734.9	5164.9	3076.8	2756.8	2801.9	
227812_at	185.52	194.35	140.04	512.19	466.12	481.88	511.34	530	532.83	342.29	358.12	319.27	
227834_at	34.691	60.008	47.615	111.37	76.151	76.614	40.576	75.461	43.912	51.112	65.825	69.044	
227915_at	17.077	24.649	16.967	306.29	175.65	304.03	565.47	481.16	481.44	311.46	413.43	283.61	
227923_at	15.628	21.51	18.761	8.864	15.329	7.546	6.553	6.555	4.938	10.021	5.552	7.287	
227947_at	841.58	773.07	633.55	407.58	415.81	417.64	761.9	607.97	607.95	558.74	944.12	744.45	
227949_at	1652.4	1697.9	1680.4	862.21	912.82	829.5	1430.9	1426.3	1432.7	1664.4	1724	1532.8	
227952_at	773.32	705.89	686.25	2238.1	1955.5	2372.5	2236.6	2276.4	2203.2	1530.9	1593.4	1417	
228056_s_at	726.91	676.31	604.95	1010.3	956.02	1096.3	763.53	661.45	502.44	962.86	911.95	789.09	
228071_at	1043.6	1034.1	942.8	448.62	381.95	375.59	221.14	178.57	185.83	48.468	114.05	86.431	
228153_at	1533.2	1627.7	1385.5	3405.8	2979.7	2832.7	1150	1025.8	935.11	2035.5	2155.2	1991.1	
228262_at	149.39	164.11	148.62	343.17	319.32	206.75	128	130.86	95.79	204.69	234.3	216.83	
228293_at	213.37	179.27	180.26	158.92	108.62	104.75	200.1	160.81	206.13	240.29	219.72	237.47	
228486_at	1003	876.78	957.45	501.51	531.96	622.13	877.37	888.52	922.36	868.48	1079.1	1109.9	
228592_at	5845.5	5940.3	5805.8	13710	13941	14308	7022	7331.3	6075.9	9958.6	9430.1	9503.2	
228625_at	5364.7	5781.8	5421.8	2757.1	3624	2750.3	3650.2	4466.5	4062.1	4788.7	4841.8	4799.6	
228636_at	4471.5	4586.4	4708.3	2963.8	2600.9	2862.3	4496.7	4557.1	4409.3	4944.3	4651.8	5078.1	
228737_at	475.55	478.36	486.21	1045.1	926.72	1064	1632.6	1495.7	1194.9	783.79	1201.9	943.93	
228758_at	141.6	235.05	119.51	249.1	223.82	309.18	118.19	148.85	89.34	259.79	164.09	304.24	
229147_at	745.61	783.52	791.25	2081.4	1717.1	1985.4	573.56	521.37	512.72	1052.1	1244	1160.4	
229159_at	507.59	564.92	508.39	342.16	267.44	356.16	507.87	615.76	414.19	554.58	786.08	666.69	
229309_at	1386.5	1447.9	1420.4	956.08	783.25	981.57	1665.3	1475.4	1435.6	1490.3	1780.5	1680.6	
229552_at	13.861	23.815	23.968	14.53	16.153	19.23	9.837	8.117	9.514	18.846	11.744	16.291	
229580_at	214.98	207.47	368.6	157.69	130.57	173.67	242.11	235.96	316.56	405.75	316.61	343.72	
229598_at	8.105	45.573	7.642	101.58	99.192	108.53	6.619	16.786	12.882	12.997	36.101	57.978	
229638_at	7452.3	8681.1	7182.6	4069.3	3183.4	3698	5051.1	4058.6	4287.3	4861	5245.3	4839	
229973_at	853.17	806.75	791.79	2720.5	2419.5	2573.1	2252.7	2304.5	2498.1	1593	1749.7	1810.2	
230135_at	244.75	203.29	381.66	109.56	111.98	148.47	103.62	77.122	76.193	41.505	19.12	14.975	
230193_at	125.46	142.73	231.16	249.56	377.26	288.2	65.254	137.54	12.672	169.81	184.01	233.34	
230218_at	64.197	118.64	201.09	415.74	556.56	387.57	634.15	686.12	884.03	459.01	499.78	509.3	
230233_at	162.65	178.82	166.95	524.26	456.99	518.57	133.92	177.03	141.3	423.24	427.23	355.6	
230493_at	652.85	663.46	608.46	187.22	131.73	199.93	79.399	71.398	43.421	49.996	59.308	21.163	
230550_at	955.56	888.1	917.78	457.59	426.9	463.34	742.01	757.91	745.57	877.11	951.47	840.08	
230624_at	201.64	177.09	197.42	331.96	284.15	372.53	110.96	112.48	111.29	240.65	223.03	310.11	
230625_s_at	22.575	54.283	36.092	196.89	299.16	243.62	696.54	751.62	623.04	445.31	276.9	289.84	
230650_at	127.91	90.834	103.48	315.88	278.06	289.4	358.29	366.06	457.55	213.48	302.27	244.72	
230673_at	219.72	160.21	171.79	385.43	423.21	410.28	448.91	504.19	447.14	318.27	373.86	381.46	
230788_at	627.52	521.65	445.94	1452.5	1293	1487	507.81	497.55	471.75	896.81	901.43	873.67	
230876_at	55.157	40.263	10.383	119.97	100.25	61.525	98.95	107.92	98.044	50.904	57.119	95.905	
230900_at	77.623	43.496	55.834	91.969	119.5	126.15	8.345	35.463	81.288	77.444	75.925	71.136	
230958_s_at	81.709	105.02	140.47	204.64	136.09	330.36	76.879	139.17	115.87	164.49	196.72	177.79	
231040_at	185.35	277.96	314.38	88.935	94.137	123.62	83.646	32.648	85.981	19.251	46.079	91.617	
231093_at	820.4	825.7	929.48	2414.1	1799.8	2236.4	439.85	482.53	517.41	1295.2	1375	1245	
231120_x_at	406.41	391.13	361.14	222.27	143.17	235.86	418.91	350.87	317.72	368.14	579.84	374.02	
231131_at	268.93	295.41	290.79	853.01	652.35	830.57	1304.4	1535	1538.7	826.73	961.54	710.19	
231175_at	98.819	105.89	113.81	52.944	40.271	65.766	32.493	56.502	27.272	38.003	38.991	62.642	
231219_at	144.26	66.582	74.362	4.397	30.638	6.116	16.011	18.216	21.743	5.51	19.508	5.89	
231307_at	45.727	8.535	4.796	143.57	155.92	206.87	253.15	247.85	198.03	149.78	209.71	201.14	
231442_at	88.141	49.108	25.207	157.35	29.698	109.54	90.076	55.484	17.317	117	97.89	68.142	
231786_at	426.36	284.72	287.79	230.61	235	264.43	280.07	296.85	313.44	279.26	446.58	252.27	
231798_at	186.49	144.72	249.05	156.69	115.82	106.22	10.264	22.399	87.585	12.422	52.418	9.623	
231804_at	343.81	385.02	348.28	237.46	209.9	209.98	310.33	323.69	313.07	374.25	445.05	379.5	
231841_s_at	218.91	219.78	258.67	136.92	125.46	109.59	251.64	191.15	116.78	157.76	222.96	201.05	
231935_at	317.17	321.46	237.4	136.02	120.35	253.69	49.216	21.258	63.864	13.47	17.806	127.38	
232080_at	321.38	315.13	272.99	891.88	939.79	957.43	1081	996.31	1079.7	558.99	653.72	591.86	
232231_at	1727.5	1941.3	1629.5	1010.3	820.44	940.49	1654.5	1592.5	1309.6	1648.5	1905.2	1801.7	
232232_s_at	1440.2	1551.4	1461.7	1072.2	808.86	807.7	1484.5	1443	1473.8	1586.9	1785.2	1707.6	
232234_at	523.42	575.64	613.47	265.74	341.85	234.15	160.28	123.36	48.401	27.868	41.727	51.091	
232618_at	203.22	233.1	222.61	287.85	212.84	231.17	190.4	164.21	150.3	234.96	277.07	266.82	
232739_at	207.13	205.87	236.34	267.8	189.04	403.11	33.227	98.146	176.69	233.79	207.11	159.82	
232752_at	214	220.09	184.94	85.013	110.99	72.783	35.692	43.576	63.723	33.745	44.399	11.287	
233500_x_at	491.46	527.85	425.22	1139.2	1258.7	1046.5	319.48	400.36	366.04	635.03	629.93	824.4	
233512_at	41.305	16.161	17.465	101.07	22.338	108.17	72.862	189.29	136.06	87.007	118.16	117.26	
233587_s_at	438.7	440.52	381.76	196.54	149.2	175.68	103.03	117	138.97	94.496	107.62	163.86	
233814_at	183.52	254.95	195.24	613.75	428.98	429.09	803.03	873.28	971.87	528.33	492.03	524.15	
234307_s_at	213.03	256.4	251.81	85.57	21.77	59.527	59.487	16.079	111.04	11.314	12.089	15.887	
234994_at	218.21	182.33	167.12	745.79	579.58	655.82	1150.2	1258.3	1240.1	635.69	927.18	826.89	
235059_at	130.93	220.94	161.51	436.28	425.06	372.7	97.637	103.62	67.154	234.87	194.43	124.24	
235275_at	7520	7118.7	8230.9	5267.8	4338	4913.3	7318.8	7553.3	6884.4	7723.8	9057.1	8483.6	
235383_at	1621.3	1651.8	1595.8	270.81	314.17	273.79	28.261	25.011	126.22	26.071	22.554	18.461	
235385_at	4.331	30.852	12.162	25.745	12.832	51.468	4.413	2.583	2.012	13.742	23.956	30.982	
235400_at	800.47	733.09	699.73	2212.4	2054.5	2041.9	574.46	724.03	1247.7	1167.3	1163.5	1175.5	
235401_s_at	954.13	1049.2	1146.6	3220.6	2388.5	2725.4	922.42	1025.7	913.09	1722	2101.5	1702.3	
235522_at	141.61	181.84	143.32	260.6	280.74	314.68	108.92	56.277	29.689	176.78	243.6	243.61	
235549_at	90.009	121.92	126.6	202.24	205.07	210.82	8.423	37.668	72.153	177.96	164.26	128.37	
235557_at	47.409	113.92	83.976	178.61	276.56	224.66	81.943	116.19	93.798	117.27	131.37	224.3	
235574_at	14.833	6.176	48.609	15.501	11.691	15.238	138.26	201.44	218.13	36.159	137.04	128.74	
235593_at	452.58	472.49	495.27	282.79	221.83	329.34	462.98	423.12	359.66	407.16	586.28	522.2	
235638_at	338.09	427.07	443.48	884.79	780.78	659.16	259.73	318.26	242.04	445.64	521.81	506.03	
236191_at	272.08	289.38	390.22	591.35	567.81	509.05	361.18	275.2	336.97	564.99	370.62	539.89	
236280_at	252.16	331.44	301.31	1097.9	865.69	984.62	1649.5	1630.1	1589.8	871.12	1151.1	1035.1	
236351_at	1128.2	940.26	1097.5	264.44	269.5	294.73	83.488	46.077	109	72.202	125.32	50.282	
236632_at	2257.2	2052.9	2199	644.8	627.37	590.72	171.02	312.32	133.66	41.781	188.78	41.881	
236681_at	715.63	573.79	631.09	300.62	351.77	360.42	31.604	35.916	108.55	63.621	94.435	107.02	
237265_at	816.82	521.46	571.42	333.75	217.56	262.05	516.67	490.93	577.58	464.97	550.87	620.65	
237466_s_at	222.19	156.92	118.23	18.496	19.259	20.783	16.346	37.034	5.942	26.031	13.172	10.072	
238206_at	528.24	459.62	473.27	264.34	243.31	315.73	543.86	510.7	414.02	493.58	577.57	457.47	
238365_s_at	1607.3	1866.4	1459.7	664.93	614.92	609.65	1899.8	1411.5	1059.6	1739.1	1499.9	1561	
238605_at	114.67	83.486	101.17	294.29	207.07	307.87	740.77	651.52	448.04	373.99	429.36	295.27	
238674_at	172.99	148.54	105.52	193.42	175.97	216.47	125.21	130.6	87.511	118.13	160.12	103.56	
238692_at	160.93	160.94	147.66	61.316	18.408	68.419	35.22	38.701	14.533	69.257	26.776	46.993	
239012_at	797.95	441	565.86	1169.5	1344.3	1553.2	269.02	540.15	779.41	824.61	614.23	818.92	
239108_at	630.6	654.7	607.31	370.12	274.81	301.83	523.93	570.68	575.49	543.03	644.07	633.65	
239178_at	123.6	127.13	124.28	41.391	43.293	47.519	16.048	9.618	14.668	15.054	1.396	17.978	
239292_at	43.116	39.513	36.467	185.93	141.3	111.1	9.616	56.262	37.493	95.509	116.78	50.115	
239481_at	481.4	439.77	463.27	1124.4	930.33	1029.7	1901.3	1621.1	1516.3	1094.4	1184.7	1042.8	
239503_at	310.58	330.41	278.23	234.53	208.46	219.59	279.38	333.67	284.39	326.24	400.99	317.82	
239913_at	589.13	734.24	536.68	369.52	320.12	324.91	645.74	589.65	463.61	577.33	687.4	533.03	
240915_at	358.12	490.45	308.11	542.63	432.3	569.55	221.96	284.79	192.05	419.48	484.51	324.36	
241365_at	1032.6	1334.2	1099	706.66	604.55	636.58	756	938.04	828	847.92	963.47	1004.4	
242277_at	413.36	452.52	467.77	269.06	262.64	278.82	453.81	432.39	445.14	531.98	512.3	526.58	
242301_at	368.68	443.42	376.71	751.03	882.69	787.98	1648.3	1738.9	1862.6	1171.2	1022.4	1159.5	
242334_at	205.9	173.59	204.18	397.39	349.77	449.6	103.84	88.022	85.585	316.29	266.54	252.33	
242520_s_at	923.19	990.82	749.41	367.48	375.87	440.24	802.77	667.2	731.25	784.9	815.29	816.41	
243110_x_at	157.22	157.66	123.91	8.9	4.231	3.493	1.855	2.69	2.476	3.278	1.857	3.376	
243753_at	384.52	269.06	200.37	831.57	755.04	715.76	840.41	700.21	1017.6	507.15	574.43	547.99	
243756_at	239.2	226.96	243.17	140.32	159.39	171.07	240.53	261.7	285.62	262.71	356.85	305.86	
244040_at	236.84	317.71	371.25	539.76	610.62	536.94	145.98	195.27	168.5	356.59	347.49	412.96	
244413_at	554.1	596.4	501.95	1422	1226.7	1384.2	483.07	477.38	443.85	853.46	1016.1	986.65	
244644_at	532.28	512.62	519.02	1597.5	1370.9	1304.3	2462.5	2590	2492.3	1393.7	1477.6	1384.6	
244887_at	290.17	275.06	248.81	847.34	673.07	628.8	236.87	246.64	264.14	427.58	452.57	394.34	
31874_at	787.7	834.51	949.92	203.09	255.79	259.12	138.22	154.55	150.63	136.15	129.56	123.3	
33767_at	733.75	774.06	740.02	393.06	325.06	357.09	691.33	640.08	557.34	696.29	766.23	684.38	
34210_at	1337.6	1156.5	1167.7	2041.9	2344.8	2562	849.16	674.22	747.16	1737.5	1542.3	1854.3	
39248_at	1025	1001.6	1166.4	377.67	277.76	363.23	215.46	311.31	301.05	241.95	274.18	215.71	
39318_at	1743.1	1751.9	2019.5	4133.3	4705.8	3882.7	1399.7	1231.2	1339.5	2924.2	2770.6	2726.8	
40284_at	23.912	74.855	26.489	251.5	217.92	259	414.69	500.52	386.57	264.2	246.87	205.57	
