	GSM279589	GSM279590	GSM279591	GSM279592	GSM279593	GSM279594	GSM279595	GSM279596	GSM279597	GSM279598	GSM279599	GSM279600
1405_i_at	4.676	4.138	16.367	10322	7629	6825.3	42.629	11.586	58.914	1427.3	963.27	972.69
1552390_a_at	522.24	454.04	360.51	10.372	8.654	28.297	7.608	6.165	11.872	6.422	46.199	10.154
1552623_at	8.47	3.993	9.409	888.88	342.22	518.86	1712.3	1595.2	1605.4	110.31	57.471	8.975
1552774_a_at	5.734	13.889	8.799	8.03	7.894	8.186	464.31	410.24	402.86	6.272	5.536	8.492
1553179_at	278.75	158.32	246.91	11.281	6.376	3.625	3.564	20.368	11.141	2.906	3.253	3.664
1553196_a_at	12.482	6.896	11.854	5.881	14.251	13.361	1180.3	1173.9	1074.3	13.746	19.622	6.508
1553830_s_at	86.763	58.634	116.33	2333.6	3070.9	3287.6	6.819	1.625	3.028	388.61	19.571	123.2
1554161_at	13.277	59.481	48.063	40.243	54.579	2.006	556.53	380.79	569.57	2.618	37.636	32.807
1554300_a_at	694.52	549.45	767.74	8.83	14.482	24.418	3.58	49.393	21.836	19.42	12.936	13.809
1554679_a_at	4594.4	6219.9	4834.8	47.601	54.822	43.323	28.942	38.357	37.799	2676.4	2945.6	2786
1554733_at	54.796	36.537	16.818	2032.2	1492	1230.1	2.108	2.535	48.127	130.87	2.58	56.013
1554892_a_at	30.337	34.668	47.952	49.006	25.073	81.082	72.714	40.812	32.391	6296.4	8210	7975.6
1554899_s_at	30.476	38.72	10.644	95.273	22.643	35.816	22.905	45.302	39.602	5444.5	5418.4	5287
1555613_a_at	4232.2	3161.7	3863.3	12.668	8.102	22.476	128.65	44.042	83.274	72.873	90.235	18.565
1555756_a_at	3.99	0.426	6.7	11.896	11.449	2.681	396.99	278.27	285.78	58.653	59.062	6.947
1555800_at	3.502	5.03	6.4	3.397	3.597	2.878	89.415	85.607	94.501	2.838	2.558	3.437
1555935_s_at	1383.1	1345.5	1590.8	18.015	15.757	28.158	30.366	19.072	15.673	33.401	21.792	37.762
1556037_s_at	3005.8	5168.3	4356.8	7.776	4.579	2.978	54.189	7.249	2.791	31.848	10.099	42.162
1556095_at	62.081	38.439	22.94	4684.4	4744.4	4892.4	2.313	3.654	11.651	400.54	5.924	112.28
1556096_s_at	81.063	87.767	86.18	6722.7	6471.6	6331.8	3.016	4.695	30.735	719.77	7.607	259.83
1556395_at	1442.9	2356.6	1713.2	2.793	6.933	2.625	3.574	2.427	3.582	2.975	1.539	5.692
1556598_at	1030.3	907.04	827.89	22.495	16.017	2.037	1.035	2.171	11.198	2.189	1.296	1.331
1556599_s_at	2340.4	3061.6	1830.3	44.999	20.451	58.025	28.162	36.424	38.296	19.994	51.962	60.016
1557177_at	6.489	28.49	6.164	162.57	73.247	53.168	848.1	833.86	538.59	2.208	43.937	17.435
1557919_a_at	183.74	93.235	186.91	125.95	161.35	159.19	84.202	135.39	162.35	16148	16472	16694
1558826_at	54.096	3.074	6.855	8.241	13.87	1.667	332.79	250.8	220.46	10.121	24.637	2.48
1558856_at	141.42	105.78	80.234	51.402	144.5	89.51	56.723	18.322	23.712	4198.8	4764.1	4597.3
1558971_at	1245.7	2126.6	1471.5	41.931	33.628	11.449	6.384	45.224	17.093	17.82	34.317	71.21
1558972_s_at	1157.6	1827.1	1239.7	18.445	27.27	2.218	14.834	26.264	17.872	30.626	6.132	3.191
1559827_at	2.382	2.103	2.63	213.92	133.2	178.3	3.015	2.952	2.163	874.34	1230.5	1148.9
1562054_at	59.629	4.558	13.841	410.4	541.7	532.21	6.233	4.762	2.629	14.711	1.529	1.779
1562484_at	10.402	16.771	42.368	2.12	7.947	4.101	9.327	25.941	6.288	553.15	751.45	731.26
1565162_s_at	2.409	3.208	0.863	6191.1	6391.3	6718.3	2.715	16.887	2.537	4770.2	5359.6	4578.3
1565627_a_at	10.128	32.853	18.979	98.537	68.941	131.3	1571	1942.8	1487.8	80.865	182.3	224.09
1568751_at	2.361	1.403	46.686	0.36	20.685	26.502	118.29	96.58	133.17	0.237	0.115	25.016
1568752_s_at	33.84	7.232	34.088	32.607	8.573	7.735	9367.9	7799.7	8111.1	23.186	124.27	8.498
1569034_a_at	11.46	8.188	10.435	4.254	8.712	8.746	584.64	732.36	520.42	20.186	11.759	13.081
1569040_s_at	1.563	3.586	20.019	2.163	3.492	2.77	1610	1291.4	937.1	2.886	60.295	13.433
1569454_a_at	19.737	91.059	42.762	3998.1	2194.1	2239.1	32.516	15.848	18.959	143.75	55.072	74.559
1569886_a_at	1958.1	2429.4	2063.9	510.07	472.94	419.06	5.923	5.276	23.999	78.761	20.463	4.479
1569969_a_at	62.825	29.837	36.562	4404.2	6027.3	5861	39.569	11.803	1.333	518.2	20.686	217.46
200660_at	13.868	4.703	15.206	7.419	55.739	6.226	10.348	17.708	6.808	8748.2	11319	10256
200907_s_at	618.4	478.19	375.7	8.027	26.72	50.035	1158	1366.1	1548.9	38.711	8.286	12.188
200951_s_at	120.64	116.93	140.74	2222.3	2600.7	2369.2	14.691	11.636	8.521	432.11	6.181	170.25
200953_s_at	975.1	826.62	936.31	11482	13838	14421	51.392	117.85	162.97	1658.2	87.754	736.96
201058_s_at	15.126	6.147	5.493	9.71	21.874	17.564	6.312	13.749	8.736	1574.6	1563.2	1363.1
201105_at	478.73	336.71	341.11	17991	17522	17171	22.638	17.215	11.309	31766	24400	26626
201117_s_at	7.886	2.097	2.85	4.059	2.091	6.323	0.721	1.206	1.217	257.11	402.51	267.08
201131_s_at	5.032	5.845	8.863	1691.5	416.42	414.37	24.696	2.833	5.606	24.058	14.234	4.693
201137_s_at	35.319	57.758	91.151	9578.1	7111.8	7071.3	20140	21465	21529	819.5	364.33	307.82
201162_at	11.494	8.531	12.39	10.281	11.277	11.132	9.302	11.454	10.595	9300.7	7353.1	7704.4
201163_s_at	5.386	3.815	4.757	9.886	13.672	42.532	2.727	11.739	3.919	8406.9	8706.3	8876.4
201169_s_at	35.458	12.048	17.505	620.88	621.48	544.21	4.414	35.607	5.989	6.48	84.975	69.373
201215_at	39.68	25.733	50.539	4166.8	6029	5660.2	32.103	3.772	21.925	2146.9	2057.7	2050.6
201313_at	1944.3	2276.6	2182	3146	2383.6	2084.2	5.118	56.159	5.201	116.65	3.846	5.733
201387_s_at	43.372	33.393	30.222	4157.4	5192.1	5618	13517	13988	13113	817.92	291.72	478.78
201416_at	9522.4	9743.2	10556	316	192.96	203.12	258.67	208	233.27	281.16	206.03	178.43
201506_at	23.107	18.259	27.605	14.079	29.583	13.497	19.676	27.964	51.725	6602.6	7973.5	6873.3
201579_at	4920.1	5615.5	5399.3	69.823	117.58	83.209	63.272	8.345	90.239	1407	2109.8	1756.6
201670_s_at	278.93	231.8	297.43	5009.6	6606.9	6567	8.382	19.979	16.899	978.3	1648	1655.5
201909_at	161.95	59.123	26.59	165.16	114.14	146.73	22197	22729	18588	21981	20579	21717
202007_at	33.804	1.898	14.03	1824.8	2017.4	1918.7	0.972	3.287	1.683	5126.8	6567.9	5616.2
202177_at	8.79	5.363	9.915	5.797	6.669	7.645	10.172	28.627	6.515	921.99	1106.5	990.66
202178_at	26.631	19.611	19.691	11.124	10.238	10.147	1033.3	1182.4	817.85	402.55	392.07	444.18
202207_at	1750.5	2654	2576.4	61.694	10.707	38.067	6.085	58.21	9.324	72.671	76.298	139.53
202242_at	6999.8	8378.6	7795.2	201.89	170.65	265.3	18.765	14.899	43.044	66.877	26.33	92.73
202283_at	422.72	366.67	395.65	11.631	17.664	6.194	93.506	76.185	29.729	4334.3	4205.3	4274.7
202615_at	9296.2	10160	9973.9	379.33	364.12	462.63	44.421	5.624	29.573	3362.3	3464.3	3249.8
202620_s_at	45.968	30.671	13.567	1888.7	1592.4	1423.2	13.227	5.427	28.937	381.27	383.17	364.18
202718_at	6483.5	5081.3	6246.5	19.757	59.48	53.998	7.807	10.81	12.098	2439.6	2221	2164.6
202728_s_at	38.952	16.49	35.101	10.909	12.383	7.408	307.04	424.18	281.85	11.284	6.951	13.412
202746_at	9389.6	13693	11808	4327.1	3877.8	4016.5	21.962	52.797	20.352	338.35	99.588	161.94
202747_s_at	8594.1	10135	10539	2758.1	2588.3	2507.4	34.536	44.063	32.191	694.37	74.941	104.18
202888_s_at	21.6	6.622	12.324	17.492	9.617	6.944	14.146	11.908	15.304	2469.5	2747.3	2089.3
202897_at	10.872	6.592	17.914	7.724	17.274	8.133	6.196	11.075	6.589	1226.6	1244.3	1209.9
202917_s_at	102.06	43.117	65.041	9.985	52.335	65.495	7.495	11.148	70.739	4864.3	5853.7	5199.6
202935_s_at	86.434	8.644	8.923	1163.5	1165.9	1152.2	3.796	6.471	49.924	63.014	28.241	59.881
202936_s_at	30.292	51.114	59.952	1273	1164.8	1386.5	10.856	22.206	44.016	33.03	13.89	65.902
203132_at	6314.6	8475.4	6817.6	0.798	5.817	5.51	2718.1	2441	2913.2	1751.2	2590	2222.9
203140_at	273.2	75.32	140	32.175	7.695	56.341	8541.6	8361.8	6406.2	226.4	448.98	301.73
203186_s_at	561.51	491.27	491.54	15.068	13.955	11.316	24.441	14.91	16.848	19364	18865	19509
203290_at	21.029	18.199	17.393	141.97	167.45	307.94	10696	12657	11964	10.625	226.04	17.907
203434_s_at	11.88	9.164	5.034	59.34	3.768	10.871	3132.3	2903.4	2543	8.625	67.541	13.28
203435_s_at	43.753	16.187	30.012	31.33	24.068	35.774	2384.5	2252.4	2445.8	45.695	26.096	29.824
203440_at	977.33	1398.9	1596.3	6.964	15.532	8.814	11.613	11.709	9.621	545.97	630.49	700.01
203510_at	7.433	7.279	11.365	13.625	26.052	37.49	780	663.86	658.81	2.537	63.739	14.297
203535_at	53.744	13.278	8.491	100.23	13.336	27.184	15.769	21.593	14.322	1498.5	1695.1	1630.3
203548_s_at	19.02	2.911	5.305	5.692	70.769	60.343	4.025	14.824	14.386	663.32	1199.8	1058.2
203570_at	279.81	215.9	122.55	6.589	5.249	4.36	5.863	5.581	9.8	8.042	5.707	6.437
203641_s_at	127.45	10.523	25.523	15.028	70.804	71.455	2051.8	1543.1	1920.3	54.334	35.025	45.545
203642_s_at	42.375	36.775	53.837	26.885	14.951	18.958	3177.7	2980.9	2873.1	76.586	88.115	41.383
203695_s_at	454.13	291.57	339.85	13093	9102.5	9252.1	73.069	146.53	92.072	1070.8	285.81	498.4
203716_s_at	9.847	3.788	11.778	511.63	424.42	481.29	5.539	6.639	5.172	11.7	12.108	13.339
203760_s_at	2727.4	2607.4	3274.9	16.117	16.534	10.237	15.848	18.654	25.727	1059.1	856.36	934.57
203828_s_at	1225.1	1467.4	1210.5	5935.5	3673.2	3808.7	16.547	24.871	15.777	132.92	8.66	20.47
203835_at	28.645	10.433	9.622	6.181	9.971	5.973	116.94	631.49	271.88	9.27	7.342	9.464
203865_s_at	1231.1	1045.9	1067.6	5.605	29.322	10.155	11.796	3.727	8.189	7.357	34.807	12.946
203886_s_at	329.01	440.65	303.08	13.665	5.686	15.333	7.539	14.834	6.548	6.986	12.7	10.698
203913_s_at	478.39	511.6	353.14	9.851	23.801	7.901	21.513	8.864	8.577	23.816	17.943	6.293
203973_s_at	187.78	237.68	171.2	48.407	58.202	39.633	59.873	23.391	11.147	9804.5	10484	9611.8
204039_at	313.96	132.51	294.48	34.506	49.62	44.041	31.553	41.332	22.258	19992	18489	18919
204112_s_at	36.434	11.319	15.184	15.042	5.524	4.823	24.27	13.728	5.174	5187.5	4836	4394.6
204201_s_at	68.733	16.393	57.371	2381.9	2726.9	2701.2	32.224	8.968	44.035	303.29	40.127	143.69
204409_s_at	18.975	17.65	26.828	25.836	11.607	58.643	7361.2	5203	6436.3	2225.5	2736.8	2376.7
204410_at	27.578	7.837	7.479	44.345	13.511	3.107	1464.4	1565.5	1594	648.58	665.85	696.74
204445_s_at	20.761	30.915	67.591	86.401	8.849	11.734	1407.4	1236.6	971.14	108.97	206.31	137.7
204446_s_at	51.455	60.302	66.179	86.582	45.917	64.472	5295.6	3909.4	4267	305.34	487.35	333.39
204463_s_at	2.927	1.617	8.637	390.96	301.32	313.7	3.125	19.849	3.304	6.966	3.473	11.397
204466_s_at	269.87	136.62	182.07	4541.6	3107.4	3682.5	32.793	4.877	15.305	554.37	33.247	163.14
204497_at	18.467	124.18	160.74	11.72	5.539	5.032	1.361	41.408	10.6	2772.2	2857.1	2735.1
204517_at	165.21	25.564	101.6	99.402	80.079	105.63	64.06	22.226	85.105	7438.6	8569.2	8015
204518_s_at	11.64	9.621	18.775	11.227	13.111	12.246	6.782	14.749	13.703	3306.7	3089.6	2904.8
204548_at	12.945	4.125	4.139	30.518	6.368	46.523	7.976	8.69	19.315	856.15	953.29	983.63
204561_x_at	46.447	37.33	45.89	35.893	35.296	28.615	40.146	43.19	31.076	14984	15373	14944
204562_at	148.23	113.05	119.47	11752	12679	13298	696.99	685.6	1151.7	2328.3	152.42	867.71
204614_at	21.466	7.539	21.073	1902.7	1997.2	2215.8	8.465	9.24	29.483	9522.3	11232	9948.3
204655_at	95.537	25.077	46.588	9144.2	5881.2	5548.9	207.6	113.03	141.65	1503.3	1213.9	1213.6
204661_at	182.97	102.33	177.63	17.098	13.351	13.22	9149.6	6104.5	7310.4	228.11	458.26	218.06
204698_at	112.29	10.851	27.019	637.25	194.77	192.3	5698.9	7083.2	4103.6	12.868	11.709	7.911
204749_at	11.847	4.994	44.023	1301.5	1594.5	1433.5	10.542	7.396	58.873	340.58	336.15	307.58
204882_at	37.103	12.431	87.572	10.77	7.018	7.552	1217.5	848.21	1126.3	288.75	273.11	245.13
204890_s_at	8861.1	8304.6	8567	110.75	98.394	134	460.66	543.24	394.17	80.35	56.125	83.394
204891_s_at	12826	13439	14539	15.002	10.816	11.489	521.59	594.32	343.47	9.367	11.375	17.521
204959_at	80.159	26.104	54.986	444.72	363.31	299.87	88.914	111.37	76.136	7857	8883.3	8379.5
204961_s_at	12.076	20.274	7.72	439.93	193.34	214.45	4653.8	6743.7	3833.1	377.13	390.18	358.03
204971_at	151.78	45.525	8.749	39.453	40.411	90.824	92.914	37.18	70.876	15187	12847	12122
205000_at	10.852	68.159	43.975	28.991	19.77	10.883	3930	3704.4	4274.8	2646.1	3510.9	3191.1
205124_at	73.752	40.103	40.914	68.287	67.329	12.314	2154.9	2172.4	1492.7	13.164	13.206	13.175
205131_x_at	313.72	282.88	258.3	41.547	94.622	86.308	84.558	105.65	127.69	10470	7548.2	8955.2
205280_at	450.34	781.3	568.72	1.76	3.838	3.974	1.291	4.888	1.926	209.84	331.83	210.07
205297_s_at	91.008	139.36	125.94	1508.6	750.11	712.17	8922.6	9350.3	7404.8	253.89	235.36	222.1
205382_s_at	486.31	331.57	433.07	45.266	13.11	7.266	11.87	29.451	3.604	7590.8	6768.3	6745.6
205403_at	23.315	10.711	17.647	37.255	42.195	38.147	1693.2	2417.5	2190	93.619	23.967	22.192
205453_at	41.836	9.727	55.508	858.16	822.29	875.58	17.152	19.758	18.094	61.684	23.229	37.425
205456_at	2986.2	4129.3	3884.2	120.29	91.849	73.226	68.784	133.68	72.979	56.795	27.172	38.658
205476_at	12.063	5.302	4.968	617.89	660.64	605.4	4.624	11.918	10.03	15.951	13.695	11.403
205498_at	47.896	9.334	77.974	5394.1	3957.6	4279.9	10.026	32.319	29.989	484.96	110.17	176.34
205544_s_at	55.609	5.434	18.965	13960	9073.8	8490	9635.4	9851.5	9551.1	588.59	153.99	165.08
205569_at	679.15	697.6	660.12	3718.3	2542.7	2752.4	16.028	49.79	3.465	189.53	76.815	60.099
205573_s_at	4.218	3.908	6.268	22.979	62.994	38.827	6.748	2.565	3.202	880.92	942.54	861.29
205612_at	6.211	2.68	40.131	1396.3	1151.9	1194.7	1.864	40.35	22.275	81.788	10.553	20.098
205671_s_at	114.31	65.009	68.275	274.6	205.59	262.88	3123.9	2626.8	2236.2	71.167	39.653	47.403
205681_at	22.425	50.501	103.91	12622	10997	11019	4504.4	4579	4609.5	623.14	114.27	239.32
205692_s_at	65.602	98.821	112.44	16.561	23.588	20.592	5491.7	6556.2	4203	2493.9	3016.6	2892.7
205715_at	150.9	128.9	148.89	3.252	6.806	7.352	9.573	18.644	4.388	2270	2348	2164.5
205801_s_at	17.328	7.762	16.159	369.54	310.43	238.76	2841.7	3380.2	2573.7	60.014	47.841	35.758
205848_at	1435.1	1386.4	883.26	262.47	158.58	181.17	30.727	4.323	28.211	7.779	6.977	4.179
205861_at	134.9	36.26	275.06	650.58	361.93	314.27	9627.4	12289	8181.1	420.54	435.48	337.22
205890_s_at	8.978	9.309	10.869	2398.6	5028.6	5193.2	16.752	13.521	10.364	55.19	13.065	8.633
205902_at	9.793	5.011	7.339	8.252	7.876	7.815	874.63	852.57	875.94	7.33	8.287	7.564
205903_s_at	6.952	4.133	7.09	135.59	7.658	9.36	1798.4	2319.2	1680	12.206	5.058	21.735
205922_at	7.589	6.275	4.984	229.53	171.12	179.94	1447.8	1139	979.39	21.988	6.272	6.01
205945_at	64.158	8.544	4.253	5.961	54.397	47.828	3.144	18.442	34.126	5503	7625.5	6403.2
205997_at	11.584	5.509	8.45	4.159	8.042	14.025	330.99	422.14	381.12	5.915	4.889	6.59
206023_at	4.726	28.135	4.414	5.426	17.428	7.884	5608.1	5517.7	5407.8	33.963	90.474	5.499
206045_s_at	6.219	8.999	4.744	410.2	545.83	464.25	2.775	6.265	2.916	14.099	4.608	13.148
206070_s_at	2645.4	4092.2	3067.5	784.51	596.6	541.05	1.056	3.049	42.885	26.194	5.602	33.392
206082_at	9.509	13.657	9.371	1844.5	1285	1330.1	253.72	232.1	260	42.36	62.684	21.307
206100_at	31.271	8.379	28.935	5.605	20.644	2.121	5.524	31.565	4.4	1681.6	1909.3	1943.4
206111_at	124.3	30.139	141.91	144.06	135.67	97.591	50.7	52.91	149.78	26555	22750	23452
206120_at	15.884	6.806	12.61	26.703	13.025	35.174	29.203	19.267	8.385	1628.5	1173.8	1266.2
206126_at	17.817	4.599	9.003	14.97	9.573	20.481	1032.8	1315.5	878.13	70.539	39.754	9.721
206150_at	188.61	82.529	113.43	208.03	124.02	139.03	10147	10379	8170.7	120.28	240.25	112.78
206206_at	34.517	17.627	79.84	47.786	14.209	99.286	1924.8	1790.4	1314.5	77.519	58.16	36.825
206255_at	29.816	8.216	7.496	2269.2	1188.6	1231	2312.9	2984.3	2312.4	133.81	26.427	45.67
206271_at	3.397	29.886	18.982	1464	1237.8	1382.7	9.418	4.599	47.773	127.27	14.527	90.514
206277_at	17.378	5.918	17.259	6.473	13.349	10.752	5.053	8.71	7.761	1959.8	2453.1	2429
206283_s_at	4561.1	5822.7	5601	59.561	30.416	43.707	30.93	55.186	90.57	90.501	31.438	72.973
206307_s_at	91.798	144.6	144.66	8.73	19.828	17.984	110.31	20.272	29.265	8071.3	8951.2	8355.5
206310_at	45.074	31.75	36.542	11.464	64.228	37.987	835.31	719.51	609.54	16.505	11.419	27.696
206480_at	6.812	9.568	15.64	5.697	31.054	8.624	22.808	15.974	7.238	860.39	751.1	850.69
206513_at	56.093	6.013	54.306	156.61	129.03	146.55	4061.5	3389.2	3715.7	73.494	58.479	119.89
206545_at	684.14	965.9	715.62	65.892	7.288	37.205	23.941	37.794	2.846	5.26	37.961	38.587
206546_at	967.81	1284.9	924.75	42.383	7.668	13.053	29.426	1.231	29.467	5.419	40.99	22.782
206609_at	24.766	47.901	109.86	2350.5	2651.4	2548.3	92.913	20.998	19.59	457.83	76.589	220.83
206618_at	17.659	8.052	10.985	1535.7	1501.9	1673.4	8.294	10.479	13.639	141.62	9.637	18.916
206624_at	1.585	2.154	5.726	7.613	8.382	48.392	322.03	291.52	408.37	25.144	14.087	32.259
206640_x_at	559.42	527.85	500.35	3759.6	2767.7	3385.5	28.11	12.284	7.673	356.98	11.68	102.19
206727_at	403.51	449.98	311.64	5.288	4.942	7.073	5.749	11.501	3.713	2.738	5.322	7.94
206759_at	13.711	8.776	6.015	13236	7486	7472.4	922.79	915.72	1134.3	797.05	13.57	316.9
206760_s_at	16.224	12.459	16.59	10148	6108.6	5825	635.67	655.47	878.11	332.4	11.085	38.023
206804_at	4160.3	5378.4	5496	20.33	29.763	22.898	29.028	94.066	54.41	30.161	33.592	34.033
206871_at	13.886	6.047	11.066	14.743	86.417	16.29	4.538	18.927	16.283	32112	27882	31235
206975_at	10.112	8.315	20.301	3187.7	2600.5	2624.8	684.95	798.71	892.18	109.9	9.661	24.995
206978_at	95.29	80.89	38.752	65.772	46.103	65.327	28.858	52.311	91.976	6136.3	6689.7	5534.1
207015_s_at	1451.3	747.58	866.63	24.854	9.484	24.533	54.381	35.86	10.714	25.077	25.742	21.83
207016_s_at	4667	3289.4	3086.6	12.093	45.426	19.377	21.144	79.283	16.353	32.37	21.642	54.919
207039_at	97.114	18.318	23.625	215.83	167.97	218.84	1403.3	1319.6	1173.1	16.042	20.952	30.801
207245_at	6.383	39.203	7.132	786	1044.7	1141.8	10.719	41.78	45.465	100.51	9.155	11.541
207250_at	826.31	979.93	929.68	10.403	29.778	34.321	61.364	13.197	19.134	4.999	16.84	22.757
207281_x_at	13.438	15.616	63.094	2415.7	1307.3	1201	15.108	114.75	36.126	184.56	43.785	67.851
207339_s_at	158.79	116.61	90.465	417.64	256.21	255.92	4965	6781.7	3775.2	159.59	217.41	125.95
207341_at	20.035	18.205	49.21	44.605	7.982	37.446	60.365	35.963	63.478	26396	21081	25424
207397_s_at	878.13	1449.1	1216.5	4.36	11.014	5.449	2.296	4.428	5.844	3.93	2.89	4.806
207398_at	671.19	613.67	762.48	15.507	7.73	5.424	9.867	6.903	8.429	12.458	7.596	8.518
207469_s_at	5.413	4.443	32.691	1615	1334	1579.4	7.067	10.508	8.891	1033.7	1285.6	1163.5
207691_x_at	176.09	82.899	79.896	5439.9	5498.6	5594.5	83.495	69.459	15.372	766.08	168.56	323.71
207761_s_at	322.05	135.52	169.17	110.6	90.713	157.12	7061.7	6524.1	5227.9	345.84	352.57	318.1
207861_at	21.207	14.095	15.177	1877.6	2836	3175.3	1977.9	2891.4	7385.4	67.798	28.464	30.157
207865_s_at	7.512	3.652	53.505	47.546	24.634	77.125	4.135	58.393	13.44	2293.8	2196.6	2190.4
208029_s_at	6560.8	7971.4	7255.1	5.361	18.663	3.464	8.955	56.211	48.154	4154.3	4111.2	4058.5
208461_at	8.597	3.849	4.05	273.33	319.82	276.78	2.904	4.619	4.584	6.238	2.772	3.402
208524_at	142.19	119.05	62.976	4720.5	4894	4749.8	109.38	132.67	95.61	860.38	48.895	392.57
208683_at	197.66	65.285	128.56	84.644	26.893	72.055	48	72.391	71.636	8967.8	9081.3	8716
208937_s_at	3757.6	7497.8	6866.7	65.554	167.36	200.34	6.103	27.312	26.469	676.58	1637.3	1346.3
209031_at	538.37	644.03	601.77	3895.8	6117.5	6175.2	17.1	9.867	17.024	693.19	211.35	535.82
209160_at	1512.3	901.08	914.21	93.761	21.806	68.24	3.342	6.605	7.557	92.863	66.395	84.951
209185_s_at	364.9	439.91	398.44	21.098	19.5	32.706	10.196	52.585	23.206	4233.7	4505	3575.8
209191_at	47.39	74.083	47.906	51.207	30.84	15.961	564.77	592.97	476.07	7699.7	8750.6	8087.8
209210_s_at	1241	1204.1	1235.1	2634	3008	2465.4	1.503	1.695	4.948	230.88	116.4	120.63
209213_at	6.728	3.602	4.693	608.69	1223.9	858.92	7.113	5.724	4.92	428	398.09	325.94
209301_at	5.937	5.412	15.431	5.032	15.409	61.779	8.015	77.674	5.941	26523	22724	25455
209355_s_at	7.801	5.485	15.438	258.34	347.4	371.06	4.687	9.87	4.801	20.669	10.033	8.979
209374_s_at	22.592	17.58	22.02	3064.6	3232.4	3155	31865	40785	28959	715.32	1110.1	394.2
209395_at	7.244	9.705	10.176	4.616	10.568	14.874	14.447	34.824	6.152	26528	26329	26647
209396_s_at	62.287	4.185	14.169	6.184	19.026	19.993	15.718	2.729	12.355	28484	24716	26067
209470_s_at	26.196	10.913	28.549	2138.9	1687.5	1913.5	216.15	196.2	197.53	138.62	6.639	55.393
209473_at	135.37	56.731	24.62	7078.4	6311.6	6006	222.01	152.41	201.03	691.77	155.49	322.6
209474_s_at	61.03	7.994	13.977	5368	5873.4	5197.7	14.343	9.111	77.214	507.95	46.646	203.12
209524_at	3018.1	3559.1	2938.9	542	629.82	618.52	4.551	2.463	4.437	76.516	23.401	29.733
209590_at	34.095	11.915	18.017	17.83	63.55	149.67	1120.4	1441.6	824.87	85.125	84.015	79.746
209591_s_at	101.07	28.192	20.778	16.327	15.615	94.594	2850.2	3706.7	2427.3	128.24	99.709	19.186
209598_at	3401	3767.9	3818.2	92.969	78.997	59.498	26.207	49.789	100.06	163.43	82.833	54.683
209602_s_at	710.7	1115.4	732.51	4.213	3.972	7.327	0.675	0.701	1.012	6.242	3.627	3.419
209604_s_at	6511.3	5743	5860.3	144.34	169.58	138.1	109.33	55.294	21.872	101.66	235.54	165.06
209616_s_at	6.949	38.257	6.909	8.686	27.159	55.733	14.153	8.707	32.538	4482.3	4664.1	4345.7
209619_at	31.651	6.698	15.851	23980	22155	23198	30951	40277	27103	4925.4	2522.8	2796.6
209692_at	19.753	8.389	8.972	602	448.62	522.72	15.019	11.596	10.308	38.872	12.631	20.892
209728_at	9.245	4.282	9.411	3064.2	2860.1	2955.2	116.28	49.328	154.31	42.473	6.143	9.214
209729_at	1243.7	882.64	1191.6	11.454	36.147	25.998	11.27	12.51	8.325	111.06	196.04	197.53
209757_s_at	835	811.12	712.85	12.259	30.823	25.737	16.576	10.423	16.847	15.174	5.932	9.558
209763_at	2806.6	4177.5	3544.6	93.853	79.509	78.736	38.688	87.085	95.74	24.779	106.21	53.584
209803_s_at	7.429	5.586	2.368	6.873	31.347	60.32	3.358	5.234	15.436	655.87	762.98	655.05
209829_at	123.94	142.94	136.75	122.2	128	127.3	2926.4	2759.4	2822.1	13.682	81.039	56.97
209881_s_at	3146.6	2847	3400.2	73.683	48	45.182	83.766	199.72	65.94	192.66	116.55	150.28
209905_at	7.778	3.306	5.882	4.17	5.475	5.383	6.531	14.345	4.263	1286.3	1483.8	1365.6
209933_s_at	82.915	24.64	34.058	6119.2	2729	2785.8	54.455	32.738	14.829	560.27	312.65	507.37
209942_x_at	224.43	167.58	152.26	17164	20415	21145	29.637	57.2	34.134	4041.9	25.314	1433.2
209987_s_at	6.358	10.45	7.759	378.26	1349.4	1157.2	5.675	5.519	6.832	250.11	6.103	92.916
209988_s_at	70.766	44.57	25.931	1130.5	2930.5	3083.8	9.673	12.07	10.148	421.87	6.107	200.04
209995_s_at	123.72	20.149	9.278	39.525	66.281	27.397	9599.9	11622	8866.3	22.53	319.27	57.174
210031_at	2374	2617.1	2605.8	49.85	16.575	39.045	82.386	101.35	117.7	61.033	135.47	120.36
210103_s_at	22.422	5.984	22.031	1144.4	796.47	857.06	24.624	16.492	18.975	30.493	20.692	29.682
210116_at	3942.1	4226.6	4024.9	80.02	17.63	21.584	52.487	107.57	56.502	34.442	6.35	53.956
210135_s_at	138.47	50.458	76.068	128.63	97.493	120.78	46.194	43.512	13.398	5171.2	5674.3	5625.1
210145_at	2.14	12.337	22.466	944.35	1165.4	1004.6	2.636	6.714	5.962	657.46	937.85	877.66
210254_at	17.797	4.989	28.252	17.24	26.943	67.796	10.376	25.889	11.369	9076.8	9919.5	10034
210258_at	40.873	0.58	24.359	1.75	1.771	1.787	19703	16314	16219	8.972	359.68	49.915
210295_at	15.471	8.575	52.676	4151	4884.4	4189.7	14.536	31.441	11.2	190.57	10.362	36.178
210450_at	56.009	2.813	22.225	10.706	27.992	66.604	1435.2	1120.7	1236.1	28.486	67.638	49.393
210467_x_at	442.73	400.63	454.31	6900.2	8920.9	9842.9	43.428	74.508	12.02	1089.6	98.204	429.22
210506_at	4.546	8.337	5.157	5.197	6.549	3.719	41.84	48.082	25.271	905.24	947.43	942.32
210546_x_at	4.912	6.865	4.999	7801.9	5064.6	5142.9	12.748	10.98	18.553	422.07	7.198	34.548
210643_at	21.192	14.767	1.24	2955.3	3485.5	3429.8	10.204	35.56	30.68	331.19	150.84	157.42
210783_x_at	287.24	195.1	265.36	26.555	47.744	7.932	90.387	9.816	105.83	8828.4	6328.4	7740.2
210830_s_at	7.892	16.784	4.673	1554.8	1932.5	1897.8	5.607	4.182	29.869	671.08	828.15	831.09
210942_s_at	9.818	4.66	28.504	2133.1	1543.7	1519.9	51.608	2.268	3.063	774.3	890.25	844.72
210948_s_at	2634.3	2391.3	2326.9	374.25	399.75	620.78	12.701	4.991	16.174	169.02	9.209	124.6
210982_s_at	16.208	3.986	10.73	22928	21456	20997	23827	26975	22588	3797.5	549.69	1502.6
211005_at	3102.2	3251	3510	8.117	23.262	87.751	39.741	63.415	76.509	217.72	282.72	319.77
211102_s_at	4.869	4.642	3.383	5.51	12.588	6.604	3.972	10.371	10.544	459.44	555.81	506.24
211153_s_at	21.252	10.396	17.373	1102.4	1475.7	1581.1	11.533	8.309	8.934	152.76	21.878	69.606
211209_x_at	867.88	836.39	827.63	8.509	19.163	25.928	22.349	32.598	55.216	21.373	24.246	11.225
211210_x_at	1833.6	1926.8	2077	109.32	33.568	139.73	136.79	119.72	68.94	44.862	23.692	19.976
211211_x_at	1470.2	1750.1	1253.6	18.056	99.166	12.049	142.51	18.667	6.825	32.516	23.176	19.822
211259_s_at	10.221	31.841	20.913	73.808	5.564	41.609	789.75	1037.5	718.61	73.71	88.62	52.199
211372_s_at	55.568	17.647	11.972	12.478	7.686	14.749	906.21	1078.3	917.75	8.855	9.508	11.26
211379_x_at	2.861	1.755	29.293	2.049	13.469	1.134	14.428	6.62	0.771	460.96	586.14	492.86
211421_s_at	7.512	35.085	75.899	40.569	7.842	34.07	74.326	70.398	92.233	4857.5	4167.1	3873
211458_s_at	277.44	356.63	257.7	21.259	10.453	4.053	5.016	1.658	5.062	8.263	64.191	8.948
211478_s_at	8.434	5.072	6.693	697.35	501.55	565.24	4.027	5.731	4.066	125.81	23.813	99.93
211603_s_at	18.078	63.41	9.809	1273	1028.5	1017.5	10.589	22.106	14.392	147.25	28.597	53.629
211633_x_at	12.394	40.122	14.952	65.24	54.751	11.832	489.61	530.97	498.28	11.855	16.625	24.997
211634_x_at	8.789	6.844	8.46	101.08	18.406	44.741	3421.4	4235.6	1921.1	7.244	21.627	8.768
211635_x_at	9.793	26.737	9.555	28.101	25.944	21.686	3678.6	5054.3	1690.8	8.938	13.293	10.026
211640_x_at	7.508	8.829	9.329	8.48	8.607	6.917	421.52	451.73	261.52	12.255	19.46	9.916
211643_x_at	35.182	18.403	16.859	283.18	327.68	298.82	1634.2	2240.8	1769.2	168.71	40.674	71.361
211644_x_at	8.635	10.116	27.304	253.77	148.33	59.48	31992	39337	29095	20.473	970.24	127.08
211674_x_at	9.132	5.596	5.682	8671.2	6318.4	6000.7	11.448	9.745	21.237	652.1	8.208	84.036
211795_s_at	3995.8	4107.4	4026.5	91.808	88.554	53.658	86.729	39.345	44.721	475.24	685.14	661.46
212012_at	2012.7	2528.6	2738.7	26.544	49.365	64.743	25.13	42.84	42.87	43.097	71.903	81.637
212013_at	1434.8	1594.4	1704.5	21.304	91.602	14.612	81.373	49.502	56.335	81.467	26.438	60.44
212158_at	78.148	121.45	9.847	2.525	4.002	5.399	2.268	3.958	3.553	2789.5	3500.9	2905.8
212268_at	5.238	8.449	5.264	5.182	12.172	5.813	13.864	17.94	10.649	717.14	891.41	762.08
212364_at	1726.2	2022.6	1776.8	50.162	14.875	57.413	14.299	29.673	12.55	8.235	39.144	61.6
212592_at	9.573	3.69	5.572	7723.1	4020.4	3938.1	22203	22442	18246	1245.7	838.92	539.18
212624_s_at	1688.6	1969.3	1565.9	20.454	25.712	38.315	16.929	85.765	36.853	16.601	91.621	26.967
212636_at	8.952	8.013	7.279	129.95	85.656	59.483	66.124	34.588	14.149	1652.7	2502.5	2265.5
212671_s_at	8.421	10.264	65.206	14923	11792	12430	10889	12272	12533	1108.5	105.08	316.83
212698_s_at	10.497	15.619	3.233	6406	4101.8	3731.7	47.16	2.301	12.297	321.49	4.265	98.588
212713_at	920.91	360.8	278.57	12.835	16.551	12.432	7.188	8.975	10.723	14.523	15.356	17.371
212776_s_at	3.998	9.455	16.07	6.72	6.945	12.444	11.155	7.615	12.107	807.46	1028.9	877.11
212827_at	51.271	31.974	106.59	3620.6	2869.8	3062.3	20986	24516	16932	474.47	368.14	263.39
212993_at	22.147	20.395	2.453	5.444	2.735	2.854	30.253	2.426	39.395	1853.7	2548.5	1817.3
212998_x_at	7.448	3.835	3.891	6561.5	5442.5	5670.3	4964.4	6176.3	5516.9	456.33	252.62	304.97
213095_x_at	6227	3315.7	7182.4	15.687	13.603	15.723	30.815	33.139	16.975	3701.9	2551.5	2759.1
213293_s_at	37.227	18.48	56.471	7503.6	6749.8	6319.9	1141	1001.6	836.93	495.56	96.162	254.5
213308_at	24.18	8.592	62.156	8.031	9.011	24.278	562.74	445.14	540.98	38.555	10.681	66.216
213338_at	6.699	94.965	28.837	8.649	7.03	9.359	6.436	9.678	3.999	777.93	818.37	758.72
213355_at	13.599	6.819	55.683	1593.3	1384.7	1357.9	7.668	6.363	3.159	702.66	797.31	841.19
213423_x_at	1225	1104.6	1118.2	358.2	138.54	31.457	6.074	14.422	17.375	11.198	16.183	66.973
213456_at	2037	3038.8	2651.2	26.381	31.993	6.359	9.294	2.972	6.149	13.799	8.455	17.435
213539_at	15297	15945	19615	53.595	26.389	76.876	42.01	20.648	74.67	64.687	41.064	45.306
213668_s_at	2805.5	3941.9	3104.9	101.83	99.884	101.13	89.866	133.42	54.957	26.867	119.65	62.432
213802_at	42.823	8.375	26.96	5.518	54.459	8.282	34.994	5.879	5.913	1188.7	1698.6	1397.9
213817_at	19.688	3.189	15.825	1.496	1.886	9.16	8.66	8.644	2.858	1456.2	2166.9	1957.4
213894_at	76.713	30.72	55.237	71.367	46.722	15.884	25.45	6.003	35.01	2180.5	2375.1	1960.2
213975_s_at	15.265	7.964	28.132	6.301	9.57	9.751	11.094	11.139	6.443	8786.6	9881.8	8143
214032_at	3927.7	2509.1	2604.2	39.128	8.33	38.497	5.442	8.146	21.518	7.115	55.475	34.104
214039_s_at	12024	14027	13597	2.326	7.232	24.499	11.332	6.654	10.293	9049.9	9362.9	8988.9
214084_x_at	13.468	10.742	15.631	402.47	115.58	199.3	4120.1	6800.4	3703.3	344.05	420.65	288.98
214181_x_at	185.69	175.36	60.904	32.351	28.571	6.472	81.94	127.84	113.84	4305.1	3867.8	4960.8
214183_s_at	24029	21601	26716	12.468	17.413	17.329	15.463	14.761	12.953	7.918	29.81	14.86
214254_at	78.328	80.661	52.812	10908	11061	11898	53.611	17.179	69.407	1633.5	107.7	774.61
214366_s_at	45.442	9.505	94.714	5.177	16.391	40.442	1329.3	1414	946.04	119.14	211.92	169
214511_x_at	15.081	10.811	49.627	15.002	10.906	22.404	11.199	18.54	20.597	5964.5	6078.4	6055.9
214575_s_at	16.852	10.907	13.306	17.889	16.975	31.777	20.478	22.277	22.657	39563	31819	36924
214603_at	175.53	180.24	175.78	3497.9	4408.1	4948	66.234	42.489	28.972	538.77	66.216	241.17
214612_x_at	311.64	249.3	169.38	16215	19442	19797	12.461	13.093	18.194	3254.6	64.684	1114.3
214615_at	9.432	2.477	8.14	1722.6	1514.7	1695.8	224.15	108.23	190.12	114.31	32.294	62.116
214651_s_at	35.992	5.551	55.527	42.216	3.515	25.404	19.453	13.464	2.489	2820.2	3738.9	2925.2
214669_x_at	44.773	85.026	35.054	7853.5	4846	5350.5	26202	33080	22511	2373.8	967.4	1028.4
214920_at	31.289	2.833	24.362	50.669	33.586	9.378	55.078	36.356	55.903	2281.5	3291.4	3119
215051_x_at	7205.5	7279.3	8289	13.958	15.255	13.874	31.073	35.768	18.431	4403.7	3873.3	4119.1
215176_x_at	13.78	11.149	7.964	3120.8	2047.1	2371.5	19.514	20.054	43.066	1408.9	33.005	969.07
215294_s_at	305.55	406.52	310.09	6.102	5.193	2.715	3.048	4.277	3.291	2.588	1.886	3.004
215443_at	514.65	342.84	351.79	2.766	5.996	9.672	1.242	2.085	3.436	11.36	47.747	6.641
215733_x_at	11.484	13.27	6.786	3564.6	2049.8	2397.6	9.251	7.926	8.321	30.664	10.606	20.442
215784_at	398.13	397.74	355.85	4.088	4.667	3.2	5.666	11.105	2.055	13.597	6.003	13.161
215990_s_at	30.426	13.094	21.944	7.062	24.802	3.786	2527.1	2544.8	1589.5	40.21	88.914	97.882
216015_s_at	13.643	6.052	3.509	3.901	4.577	4.323	3.467	7.58	5.732	861.37	981.25	924.5
216191_s_at	90.575	62.295	12.021	1074.3	616.71	665.86	7.576	37.939	1.255	82.317	5.855	73.306
216370_s_at	24917	21219	26797	86.16	69.603	41.329	78.124	119.37	107.62	27.852	85.194	72.732
216401_x_at	15.676	8.583	23.454	1198.7	733.78	877.75	20.455	13.622	26.971	147	12.841	19.979
216541_x_at	16.372	53.653	9.507	12.819	14.021	14.617	715.1	819.27	288.78	27.045	47.544	24.318
216576_x_at	102.09	25.601	16.249	10090	2750.4	2666.3	22.851	163.79	99.602	817.73	20.264	325.12
216667_at	23.701	15.072	28.876	60.895	26.209	21.228	54.339	27.025	18.618	3317.1	3235.8	3419.2
216834_at	10.39	3.967	7.799	1089.1	488.05	347.57	751.06	1415.4	2309.1	58.94	75.873	29.433
216905_s_at	7.639	4.821	16.177	7.909	4.307	5.409	1295.9	1743.4	1126.3	1746.3	1298.7	1546.1
216925_s_at	1244.2	1264.9	1423.8	13.381	40.277	100.31	23.529	19.253	25.847	15.802	25.221	97.218
216950_s_at	121.19	112.3	80.471	82.802	34.738	60.351	14.514	9.25	136.49	5872.9	5001.7	5277.1
217078_s_at	2.329	2.775	5.504	2531.3	916.63	926.72	4.672	4.079	3.064	114.78	25.361	67.291
217147_s_at	956.49	1431.2	847.58	369.73	229.01	265.9	4.026	3.372	4.447	23.295	3.632	58.267
217281_x_at	6.112	5.763	13.095	4.682	22.061	10.342	427.37	503.12	454.27	7.946	5.745	41.265
217339_x_at	19.903	5.045	19.031	1749.9	1484.1	1208.7	45.783	7.664	6.398	97.442	13.095	34.43
217489_s_at	8.104	6.441	6.84	13.677	9.863	7.883	14.69	18.66	7.991	1322	1824.1	1571.4
217728_at	2.459	2.945	18.41	228.09	65.06	171.47	4.44	4.322	3.273	12952	13999	15438
217762_s_at	12.443	19.424	11.23	62.891	94.728	54.962	44.294	8.115	37.508	2479.4	3215.9	3216
217763_s_at	8.705	10.301	6.681	23.063	28.254	18.174	7.184	60.463	8.344	1675.6	2039.3	1973.1
217764_s_at	24.814	13.489	20.445	117.77	33.432	74.033	21.149	12.537	16.578	3796.8	4840.9	4247.5
217865_at	4978.7	5004	5757.5	13.272	17.603	10.786	14.456	10.767	15.455	3274.7	3493.6	3281.6
217963_s_at	11506	11047	11727	93.736	29.472	47.323	22.716	22.042	72.248	11362	12544	11279
217979_at	4234.3	4407.1	4412.2	73.914	52.948	83.669	137.3	122.73	67.989	309.88	428.67	295.31
218035_s_at	31.249	11.434	20.171	2517	2780.7	2799.2	46.315	26.275	17.039	965.63	795.83	767.5
218066_at	3891.9	3903	4712	55.986	146.17	91.636	73.01	227.9	38.35	184.38	199.72	210.46
218656_s_at	101.52	74.382	15.14	103.77	103.81	145.93	1826.1	1905.2	1556.8	14.947	15.907	14.495
218717_s_at	14.173	7.668	12.994	7484.4	6820.5	7586.3	14.3	18.112	13.695	711.95	10.998	32.433
218730_s_at	778.98	1100.2	785.82	4.102	4.758	39.23	5.651	5.066	3.117	3.137	21.181	6.423
218824_at	888.26	802.59	795.26	47.05	13.384	5.405	11.212	10.329	12.214	32.33	9.27	73.62
218922_s_at	6.444	5.122	17.926	325.36	128.95	262.68	538.74	603.54	473.94	5.607	6.113	6.1
218976_at	241.1	116.55	114.46	900.25	625.8	677.91	4236	3475.1	3440.9	26.387	110.03	21.517
218980_at	14.684	12.319	4.833	3177.1	1427.2	1421.8	216.73	220.15	121.39	42.163	12.834	5.679
219024_at	816.13	721.32	1157.8	53.509	25.049	21.234	7.182	18.905	81.4	22.426	20.272	26.551
219073_s_at	62.977	32.775	8.314	42.61	10.49	42.933	4750.9	4743.3	4603.1	52.698	109.75	72.354
219243_at	1614.4	1661.6	1356.2	72.121	24.437	13.679	12.983	7.145	10.872	29.213	16.181	25.37
219247_s_at	35.214	39.852	99.995	92.298	40.867	96.49	3027.6	3309.7	1797.9	184.42	270.94	323.52
219274_at	29.275	5.9	2.887	2484.6	1303.8	1355.2	33.71	5.074	5.301	143.44	120.26	179.32
219288_at	7.768	6.684	36.275	285.12	284.55	269.3	6.49	26.098	6.79	2591.9	2670.1	2927.1
219360_s_at	7.379	6.802	5.096	7.858	8.672	6.88	6.616	8.188	16.086	618.71	770.77	699.67
219424_at	9.821	22.266	7.369	7721.5	8130.8	8014.7	3028.1	3405.8	4763.3	321.01	18.2	163.26
219517_at	243.35	250.62	220.62	828.66	1270.2	1143.1	10556	9376.9	8337.9	125.67	160.09	188.52
219518_s_at	112.66	87.442	162.08	376.58	629.72	465.02	6280.9	5956.7	4317.9	156.93	103.81	142.86
219528_s_at	3759.6	4487.4	5107	360.15	322.54	303.53	35.501	121.34	18.547	86.046	61.747	79.699
219532_at	1570.8	1833.5	1505.1	8.158	7.404	4.705	37.694	6.841	6.874	3.982	69.714	6.382
219574_at	9.438	36.895	6.715	23.498	11.946	13.416	635.22	855.6	433.29	43.6	32.759	6.515
219607_s_at	1.933	2.542	2.433	4.351	4.239	0.854	7.176	15.407	5.06	430.2	626.78	506.25
219654_at	3794	3758.9	3489.2	61.916	30.221	14.326	24.579	40.158	60.533	1176.3	1340.5	1155.7
219659_at	630.51	680.62	673.31	36.37	4.395	34.983	56.673	19.939	33.479	14.251	6.426	54.117
219714_s_at	16.086	28.162	12.777	5.64	5.466	3.36	23.39	35.554	12.408	2239.5	3147.5	2409.2
219725_at	20.903	92.132	11.868	36.173	31.191	27.308	13.11	10.228	12.664	3227.7	3934.3	4102.8
219799_s_at	68.787	114.04	82.966	99.236	82.083	27.514	84.757	100.3	123.8	9947.5	9068.7	9542.1
219855_at	1906.6	1860.3	2267	26.9	23.958	37.464	26.595	31.152	21.214	180.63	44.678	183.45
219937_at	3.015	8.275	22.494	5.042	19.694	6.497	20.286	4.175	7.675	1582.3	2186.7	2021.8
219945_at	2355.9	2123.5	2012.6	27.868	55.045	55.655	37.492	129.7	73.255	72.237	34.998	110.28
219985_at	9.387	2.049	23.189	2979.6	2033.3	1784.9	18.665	8.246	53.247	143.84	50.994	86.031
220057_at	38.091	13.342	8.196	296.54	318.97	318.39	38.694	25.446	28.229	5258	10103	4607.9
220059_at	22.444	14.55	8.343	3295	3007.5	2467.1	5445	5132.2	5104.4	174.42	84.567	113.72
220068_at	21.224	110.51	108.87	97.46	34.765	112	6906.1	8944	6885.4	57.23	212.47	95.949
220129_at	60.429	6.899	118.77	2616.8	3182	2958.9	47.131	103.61	13.577	372.63	77.145	170.35
220132_s_at	49.37	39.097	5.594	104.03	58.066	33.619	2885.3	2788.2	2757.1	4.794	73.52	59.379
220301_at	5.634	3.336	1.806	518.85	230.32	222.74	3.821	1.529	12.839	38.065	10.984	4.837
220377_at	10.597	6.029	7.979	172.56	9.246	12.36	1428.7	1105.6	683.13	7.938	8.458	15.49
220416_at	38.059	67.851	63.315	77.152	65.321	30.993	42.238	8.458	35.55	2560.9	2686.4	2948.6
220418_at	1183.4	844.15	1128.7	12.636	5.825	6.742	3.636	8.042	7.113	4.699	3.641	7.772
220432_s_at	36.623	35.105	25.01	2.44	46.722	1.512	722.24	646.57	524.07	26.056	31.969	3.065
220448_at	28.416	42.335	101.72	7.763	12.421	3.055	1311	1516.3	1252.8	8.358	39.652	11.964
220474_at	39.649	12.206	3.087	1163.9	616.85	634.17	6.592	22.597	34.86	55.706	5.886	27.306
220565_at	42.059	5.808	31.291	1814.5	1958.1	1501.2	13.524	54.569	8.069	246.27	10.337	45.942
221003_s_at	17.427	10.047	16.689	10.888	14.128	15.713	346.79	335.05	373.86	38.536	13.845	23.532
221111_at	230.85	307.21	171.04	2.944	16.32	36.32	6.339	5.043	9.652	3.494	3.12	5.985
221558_s_at	8524.7	8847.2	8575.4	2021.1	1822.6	2152.7	7.066	9.361	15.874	569.78	318.69	484.12
221704_s_at	2253.8	1691.7	2077.3	17.77	6.634	5.626	4.082	7.293	5.706	597.6	560.71	682.89
221766_s_at	177.58	200.75	117.36	76.277	36.043	85.728	52.921	62.611	25.965	14915	15183	14692
221900_at	19.856	8.837	19.429	7.118	7.504	11.717	5.072	11.743	9.792	1416.4	2219.6	2077.4
221933_at	572.49	576	446.79	9.26	52.362	47.749	53.469	2.693	4.146	5.865	5.896	7.791
222144_at	6.898	5.386	26.635	9.175	10.526	9.397	7.943	104.5	19.127	1472.1	933.81	872.73
222288_at	1456	2114.1	1487.9	2.25	4.993	2.756	8.695	2.496	3.886	9.639	162.56	79.999
222450_at	787.84	1454.3	1009.3	4.276	9.032	3.774	8.766	5.214	4.09	4.047	3.516	10.277
222463_s_at	22.418	6.648	19.55	6.815	7.243	11.718	6.22	8.911	11.58	1431.1	1388.6	1266.3
222698_s_at	76.106	16.708	7.115	42.347	8.102	8.364	7.415	2.602	9.21	887.92	1019.3	946.84
222722_at	1457.9	1549.2	1225.3	45.115	82.905	72.632	37.482	12.334	89.207	11.921	70.614	14.559
222803_at	5.632	42.987	35.752	1479.2	2108.1	2193.9	23.153	5.885	2.702	345.96	259.1	227.47
222895_s_at	4999.7	6468	6438	509.73	573.35	553.06	24.572	55.506	31.279	198.79	62.743	93.283
222902_s_at	265.08	318.1	290.65	4.964	113.33	17.636	6.501	27.135	9.031	8184.2	7770.6	7896.6
223120_at	18.885	6.576	66.846	368.28	248.13	237.46	7.504	10.638	5.791	2721.1	3112.7	3104.7
223170_at	1223.1	895.96	1077	8.666	12.251	90.742	10.596	17.481	8.759	35.284	7.479	13.567
223280_x_at	40.333	17.337	18.346	48.601	52.012	14.134	53.073	13.914	46.006	5986.4	6556.9	5732.6
223313_s_at	733.11	353	526.22	32.41	7.452	20.137	9.418	61.834	8.53	15.915	6.546	4.966
223551_at	59.257	52.028	61.293	88.746	71.958	32.287	18.267	1.6	33.303	2799.9	3487.8	3501.3
223622_s_at	10.381	33.516	19.164	5.528	35.859	19.603	5.833	71.334	17.356	2161.1	1726.2	1817.6
223642_at	1047.8	812.69	749.6	6.104	63.627	10.254	3.609	4.256	9.811	3735.6	3925.8	4584.9
223696_at	27.1	16.516	15.934	27.217	25.15	10.566	13.36	7.558	18.747	1158.3	1651.9	781.02
223721_s_at	82.18	62.12	16.473	291.98	255.25	214.79	1956.5	1766.5	1474.6	96.658	57.095	9.434
223775_at	216.64	452.05	379.02	4.258	5.197	7.295	6.205	7.99	2.656	6.86	10.533	8.709
223952_x_at	111.86	102.86	141.62	128.72	140.38	146.54	114.19	170.06	91.139	14935	13588	13819
223975_at	10.001	7.108	19.275	1560.6	1575.7	1714.8	27.015	15.887	44.036	179.73	21.518	89.707
224009_x_at	192.17	131.52	154.41	87.088	114.3	218.12	166.34	175.72	118	14826	13120	13788
224048_at	3552.6	2793.1	2304.3	43.169	70.395	66.33	79.762	29.861	55.061	50.435	85.507	90.219
224356_x_at	18.924	41.083	17.18	13.714	61.075	43.396	13.282	21.948	31.964	6077.3	6486.8	6115.8
224358_s_at	2.712	2.273	23.47	147.35	54.636	10.411	83.417	90.322	59.819	2179.2	2202.2	2080.7
224461_s_at	32.87	11.374	6.515	947.26	1301.7	1269.6	14.951	9.023	13.931	240.94	346.94	243.96
224499_s_at	6.143	12.097	28.739	834.81	2074.7	2069.9	7028.4	6176.8	4349.1	395.69	45.4	176.99
224588_at	15.725	3.756	5.384	3553.1	2975.3	3181	3.7	10.038	7.9	150.12	7.507	38.698
224589_at	12.706	10.282	16.712	899.38	736.42	854.95	15.968	12.501	3.982	51.49	9.762	11.162
224590_at	11.944	1.282	56.577	1061.6	936.72	933.81	9.794	3.12	3.294	35.55	2.651	4.39
224710_at	7.841	6.973	8.439	1168.1	1037.4	1155.6	7.805	8.283	21.886	26	7.836	14.89
224832_at	62.601	12.283	23.28	2366	1825	1744.8	63.832	43.625	103.65	81.873	29.745	10.286
224862_at	3683.7	5653.8	3719	109.56	150.89	164.07	2.157	1.276	2.161	1348.3	1910.5	1511.7
224973_at	11.249	22.733	22.957	21.532	12.876	2.042	2.077	4.812	28.621	2772.2	3462.2	3361.1
225056_at	2104.2	1543.9	1866.7	9.39	22.177	9.627	5.677	3.222	4.48	77.069	125.21	87.386
225129_at	48.742	40.516	15.219	378.58	359.67	329.25	5.152	4.099	10.19	2696.2	2950.9	2468.1
225387_at	1330.3	955.32	978.64	8.444	61.663	20.774	13.36	5.559	5.227	151.95	250.37	153.94
225681_at	2430.9	2730.8	2421.1	21.063	12.742	55.412	7.119	35.345	19.2	39.539	36.356	78.207
225782_at	3.025	4.158	1.722	347.59	234.51	204.07	2.756	2.201	3.059	1180.4	1039	864.17
225792_at	36.831	8.389	22.263	622.05	650.12	713.57	3.797	6.441	6.752	115.38	8.157	9.677
225897_at	293.85	218.27	166.46	6812	8188.4	8121.2	11.173	26.199	8.533	1115.6	1301	1254.2
225911_at	13.274	4.862	11.008	2154.4	2347.5	2275.3	53.67	26.174	3.693	164.84	25.184	123.59
225962_at	1537.7	1681	1573.3	14.034	7.784	12.051	15.918	7.807	13.023	35.715	25.089	20.946
226099_at	109.06	119.11	96.729	2124.4	3140.7	3013.6	0.934	0.593	1.953	547	611.29	486.27
226247_at	1408.7	1796.6	1640.9	159.07	76.303	45.293	33.754	45.477	32.1	9.361	31.342	65.003
226333_at	26.656	21.005	14.487	15.701	55.891	69.134	4.374	14.232	51.078	4937.9	6379.1	6032.1
226548_at	941.74	910.93	890.72	11.078	20.2	52.338	11.862	13.291	45.521	12.174	6.728	5.517
226636_at	18.311	8.432	6.092	1183	751.76	671.73	9.143	7.44	3.955	231.88	345.55	344.26
226677_at	2057.3	2341.3	1678.2	11.817	10.946	4.847	18.321	7.865	5.022	2519.6	3641.8	3086.9
226811_at	1168.6	1423.9	1122.5	153.34	202.66	118.6	9.461	39.771	47.192	12.392	9.167	10.005
226884_at	394.99	440.43	299.17	2.457	1.018	3.439	8.604	50.168	1.413	8.059	3.656	3.212
227030_at	252.18	324.68	286.62	1333.1	1517.9	1669.4	5078.1	5933.6	3946.2	30.676	17.949	19.994
227034_at	20.77	6.465	9.562	908.45	867.16	903.58	9.625	54.669	57.985	209.97	11.063	23.468
227036_at	18.857	8.884	4.915	49.157	40.841	47.675	1.276	1.474	29.551	1020.9	1158	899.04
227174_at	56.023	31.942	11.059	1760.8	1227.6	1220.3	49.356	32.681	33.62	161.57	46.641	67.387
227189_at	27.243	35.358	17.511	82.785	21.918	10.245	5048	5333.6	4123.9	15.397	149.68	122.9
227266_s_at	2928.4	2641.6	2556.7	64.822	55.58	31.246	13.522	49.683	26.288	461.86	520.73	619.56
227347_x_at	2130.2	1792.9	2194.3	43.154	48.339	21.367	58.242	54.142	38.749	93.807	69.657	34.325
227371_at	20.8	38.726	11.387	909.59	713.47	710.62	51.586	4.254	32.709	157.17	14.234	20.234
227372_s_at	15.799	2.979	7.373	2136.3	1539.9	1564.7	4.754	2.985	4.206	114.61	11.698	84.125
227623_at	11.342	16.067	16.331	948.23	1132.8	1201.7	13.742	19.341	5.011	62.068	21.138	29.194
227671_at	140.88	53.472	105.14	4566	5062.1	5005.8	82.581	96.934	74.372	364.52	72.133	166.73
227742_at	45.262	7.495	21.581	10588	9797.6	10001	73.71	20.485	9.192	1542.9	81.21	507.22
227812_at	12.301	5.068	16.069	1746.1	913.78	1036.4	3.461	5.212	29.471	174.04	5.011	111.75
227834_at	4.54	12.943	25.041	1.044	15.04	39.11	318.16	228.6	239.18	6.77	37.57	33.814
227915_at	20.372	10.975	16.421	762.64	1229	1149.7	27.356	9.68	10.116	22.896	27.285	37.305
227923_at	244.75	215.17	196	11.872	13.763	5.508	3.494	7.85	4.703	4.594	4.665	4.635
227947_at	195.38	292.81	238.1	1.338	3.189	2.943	25.104	10.596	3.921	1110	1877.5	1532.7
227949_at	58.663	20.43	6.629	61.105	69.889	64.117	5.399	5.457	4.882	3452.1	3910.6	3170.3
227952_at	38.31	130.79	61.775	8149.2	5134.2	4855.1	311.7	287.46	283.85	424.19	68.989	198.43
228056_s_at	2.168	5.501	2.973	316.51	397.83	364.37	2296.5	2242.6	2429.9	385.93	577.14	510.11
228071_at	1638.1	2419.5	1928.4	368.52	229.83	224.17	6.543	16.122	8.69	9.184	31.302	6.94
228153_at	717.09	423.29	431.24	56.626	125.48	84.846	8720.5	6332.9	6969.8	125.51	269.04	156.38
228262_at	32.124	11.577	13.028	72.444	61.961	21.321	885.49	536.48	582.98	2.845	12.268	14.99
228293_at	5.801	1.26	13.778	1.781	17.921	7.479	1.445	2.807	5.949	327.73	375.81	365.73
228486_at	20.7	13.121	25.319	13.787	9.143	15.882	6.868	13.215	20.179	1838.2	1727.5	2091.2
228592_at	26.137	8.489	7.431	13784	7693.3	6239.6	20312	18941	18728	754.61	395.62	283.1
228625_at	47.451	47.78	89.824	23.684	90.234	29.915	27.547	42.393	62.999	9026.9	10035	10613
228636_at	85.771	114	51.021	381.89	237.89	249.74	82.373	68.874	94.885	7675.6	10056	8895.2
228737_at	21.013	7.136	3.738	4843.8	4160.6	3962.6	1.804	21.257	4.721	567.32	495.36	501.69
228758_at	31.735	16.743	9.827	14.559	9.914	18.749	709.68	649.38	472.69	38.548	20.724	47.058
229147_at	10.645	35.97	11.298	60.612	101.07	67.024	4710.6	4156.5	4249.5	9.472	115.34	8.116
229159_at	1.993	0.207	16.587	1.311	12.313	1.522	2.768	1.201	15.268	670.73	1279.8	1228.7
229309_at	27.241	46.778	24.398	364.88	202.58	164.65	1.879	28.993	37.892	2786.1	3776.7	3291.9
229552_at	60.899	6.19	7.64	6.712	6.432	6.124	286.86	211.47	168.28	10.741	9.37	22.098
229580_at	5.963	3.06	6.094	5.145	15.511	9.991	4.901	11.02	5.936	827.73	582.53	791.27
229598_at	12.434	5.267	5.327	2.41	6.29	2.692	132.6	132.86	249.92	2.427	2.524	11.383
229638_at	11360	12978	11518	43.815	33.218	4.187	6.068	8.171	3.122	8133.1	12721	9904.7
229973_at	19.428	4.409	8.662	10909	5084.9	5275.4	21.796	2.627	4.965	621	4.094	320.21
230135_at	1224.3	1232.8	1107.6	4.555	32.618	16.916	28.84	19.589	8.481	40.575	49.927	51.554
230193_at	15.456	41.692	7.465	18.268	17.757	36.788	1410.2	1397.8	852.49	33.136	10.617	19.084
230218_at	133.29	73.379	127.35	1283	1116	1303.1	8.995	11.806	19.456	93.577	11.766	13.52
230233_at	34.155	33.325	6.608	76.027	18.033	14.541	782.72	905.05	924.96	22.437	19.263	5.401
230493_at	1268.2	1798.1	1495	33.155	13.809	86.97	37.895	44.106	5.662	66.55	34.389	46.316
230550_at	116.73	14.506	46.123	4.538	7.646	27.104	86.917	10.594	26.582	1524.9	1903.3	1849.9
230624_at	58.836	73.918	86.741	19.582	41.651	7.087	960.79	739.41	742.62	14.06	50.794	14.992
230625_s_at	13.514	15.506	11.906	1729	1418.3	1466.9	16.082	35.235	18.897	52.544	19.451	42.261
230650_at	7.589	32.215	7.214	1363.2	793.7	803.8	19.637	39.52	3.659	66.969	24.778	72.224
230673_at	4.33	2.862	2.254	1307.3	871.7	820.82	478.58	529.26	406.72	73.941	2.101	5.787
230788_at	17.146	6.21	5.665	157.49	284.67	367.88	2288.4	2243.2	2245.8	16.138	23.907	12.078
230876_at	13.47	28.949	1.613	425.26	215.03	245.91	7.19	6.154	7.224	13.875	2.814	12.381
230900_at	9.241	8.215	14.041	47.428	3.995	38.912	259.38	315.26	184.39	46.133	7.354	2.754
230958_s_at	12.646	11.604	15.997	4.262	16.526	11.054	421.53	466.47	453.03	75.545	66.439	14.532
231040_at	744.51	1029.7	867.47	68.032	90.114	51.273	2.863	26.086	1.555	45.578	30.184	74.115
231093_at	151.64	26.786	92.36	68.476	38.127	96.525	4841.5	5268.6	5029.9	135.94	130.24	81.722
231120_x_at	18.745	2.231	1.89	18.152	2.593	2.864	5.87	3.274	1.257	728.63	1062	874.88
231131_at	25.561	6.201	17.106	4244.8	3349.1	3290.3	18.25	12.268	4.775	352.9	14.182	158.84
231175_at	564.83	471.5	326.84	21.711	3.264	17.848	0.608	32.904	1.207	22.564	39.613	26.724
231219_at	350.89	305.77	276.14	5.651	8.003	14.075	3.345	4.386	4.999	16.646	7.441	6.259
231307_at	3.206	4.163	40.916	596.03	429.46	379.06	3.626	3.02	2.326	5.981	2.651	5.252
231442_at	100.69	6.07	5.832	52.724	7.626	20.387	275.68	369.7	312.33	5.609	14.127	14.831
231786_at	18.072	47.241	91.805	6.908	4.21	4.168	1.498	53.226	3.7	660.24	1026.6	720.79
231798_at	333.82	653.32	420.7	26.73	10.886	29.846	2.508	1.808	48.685	5.598	10.796	12.089
231804_at	4.171	3.869	14.522	6.101	40.445	3.951	25.549	2.58	6.898	941.87	922.74	834.77
231841_s_at	20.877	5.254	17.343	11.932	6.486	4.751	2.201	8.851	5.793	499.25	557.67	504.35
231935_at	1685.1	1276	1000.3	44.624	16.765	18.93	24.422	27.086	59.954	18.724	72.878	26.604
232080_at	47.912	42.066	16.434	4324.1	2466.5	2325.7	299.73	302.61	163	142.43	48.357	126.96
232231_at	301.39	186.34	174.4	9.691	19.003	22.969	6.602	30.884	9.547	3289.4	4212.8	3720.5
232232_s_at	47.493	52.944	16.028	20.243	38.06	22.995	67.885	19.134	14.081	3059.2	3209.3	3003.9
232234_at	1393.8	1122.8	1405.1	28.353	25.492	19.487	21.151	34.653	23.821	126.17	70.709	93.81
232618_at	4.773	4.222	6.17	8.417	5.891	2.899	489.49	385.7	350.67	282.04	268.46	214.89
232739_at	9.781	14.407	41.599	70.074	25.576	15.3	767.83	831.54	477.44	50.531	20.821	17.211
232752_at	702.96	673.02	540.07	6.021	10.371	3.626	3.506	2.774	26.883	52.328	27.737	76.313
233500_x_at	7.707	12.265	13.507	90.284	81.207	67.107	2900.9	2537.1	2601.7	10.176	15.466	30.824
233512_at	34.186	6.294	7.714	492.79	419.52	306.75	4.558	25.539	6.006	52.094	11.364	7.07
233587_s_at	1290.9	1294.7	1280.6	16.194	15.63	80.24	51.305	5.639	17.408	92.676	168.15	125.62
233814_at	7.341	28.025	16.821	2088.9	1872.2	1793.1	5.414	8.443	15.29	126.67	117.51	140.7
234307_s_at	517.57	408.3	554.71	11.015	20.298	12.962	7.189	3.742	38.017	10.342	10.05	9.577
234994_at	15.111	24.206	25.259	1980.3	2844.6	2599.3	3.177	19.635	45.448	204.13	61.973	90.301
235059_at	58.984	169.7	75.786	9.646	7.575	5.251	817.93	798.7	758.08	6.926	6.553	4.945
235275_at	169.12	129.55	124.62	137.08	166.86	179.78	142.77	104.42	153.64	17723	16322	15579
235383_at	5677.2	4746.1	4577.6	16.675	22.582	20.088	22.461	36.568	33.444	64.036	16.494	21.327
235385_at	3.921	17.986	15.059	4.105	5.797	2.377	299.16	422.73	245.66	3.44	20.757	3.478
235400_at	3.36	4.408	12.438	1053.4	315.97	714.14	5104.9	4984.2	4288.8	5.898	57.056	16.466
235401_s_at	34.201	11.733	18.949	1227.8	517.23	445.02	5769.4	4297.4	5582.4	3.999	101.25	32.443
235522_at	10.556	11.107	24.758	42.264	24.324	27.212	407.86	397.41	411.23	10.68	27.851	4.582
235549_at	49.861	88.295	65.599	4.826	12.049	8.146	671.54	313.92	484.65	9.918	11.26	11.772
235557_at	8.289	6.75	7.87	14.415	10.852	9.649	488.52	435.98	485.11	8.553	10.54	12.361
235574_at	8.832	3.513	18.168	180.91	299.46	305.04	4.327	9.03	6.827	5.873	18.617	5.001
235593_at	10.785	9.087	10.244	3.803	5.88	2.401	50.849	6.099	52.974	1063.8	1084.6	933.07
235638_at	63.82	28.999	41.645	40.825	57.921	49.093	2755.5	2235.3	2328.8	49.226	48.441	71.11
236191_at	86.425	66.624	15.935	10.204	16.185	4.47	1104.4	907.34	1069.3	194.17	276.5	283.24
236280_at	9.555	3.711	5.994	3973.3	3947.6	3697.2	404.16	228.96	473.01	198.46	5.109	11.24
236351_at	2817.8	3197.5	3612.4	97.61	22.97	11.781	67.562	23.259	53.122	7.064	44.907	57.639
236632_at	6561	6337.1	6005.8	26.517	94.218	27.374	22.839	24.934	50.289	128.08	99.403	44.317
236681_at	2375.8	2281.5	2691.4	89.95	35.423	9.449	103.21	6.623	79.043	22.765	114.09	103.57
237265_at	16.9	6.058	12.036	6.707	12.15	8.363	14.777	10.102	11.436	1331.9	1621.7	1662.4
237466_s_at	578.84	852.83	826.97	4.551	9.005	13.712	5.625	4.985	9.159	23.881	5.15	15.58
238206_at	22.528	8.074	40.685	5.964	30.795	4.743	7.448	21.438	4.997	1162.1	1024.4	996.95
238365_s_at	6.272	11.238	6.404	6.675	29.688	3.91	72.366	90.309	19.119	3878.3	4195.3	3252.8
238605_at	99.538	17.122	24.446	1160.9	1630.6	1630	4.834	15.649	46.961	81.21	21.614	9.023
238674_at	64.098	8.649	82.627	14.178	28.381	16.488	769.82	716.42	557.25	37.429	18.355	21.511
238692_at	424.55	506.3	371.36	15.623	9.273	22.046	2.719	10.469	8.177	14.613	40.497	7.078
239012_at	75.378	48.998	74.877	100.12	37.136	49.027	2235.2	3163	1584.6	57.947	100.96	69.747
239108_at	38.812	43.535	18.632	30.402	6.429	3.593	5.753	8.373	41.982	1123.5	1305.3	1241.4
239178_at	345.54	434.18	400.88	8.433	1.819	2.738	25.041	14.75	6.862	1.237	0.578	1.944
239292_at	8.314	5.742	11.388	7.788	5.509	7.527	202.19	290.7	220.86	3.759	16.472	4.777
239481_at	204.51	71.787	177.39	4526.6	4051.7	3913.3	105.43	61.782	25.966	527.46	140.92	272.37
239503_at	19.322	4.846	3.7	17.864	2.865	22.833	2.854	4.82	2.264	945.38	713.05	747.92
239913_at	6.13	0.671	2.865	26.373	3.841	2.314	21.897	13.804	0.953	1032.5	1366.2	1209.4
240915_at	75.552	22.391	16.196	85.481	89.035	48.282	2022.6	1728.2	1408.8	66.486	51.375	58.881
241365_at	811.07	1362.3	825.62	0.704	3.579	2.29	1.162	1.935	2.4	1681.6	1877	1982.8
242277_at	3.784	10.008	12.193	6.447	6.786	13.631	9.021	3.221	4.907	729.05	1003.4	993.82
242301_at	265.11	66.954	185.18	3195.5	3632.9	3730.2	124.17	15.958	175.01	375.76	14.501	203.07
242334_at	8.684	5.986	6.548	7.582	21.987	10.812	1491.9	1688.8	1085.5	18.919	17.596	20.343
242520_s_at	7.193	1.115	3.076	1.457	3.556	1.512	3.994	32.794	5.631	2386.8	2293.1	2104.9
243110_x_at	891.63	479.38	666.01	1.717	5.244	2.198	2.239	2.175	1.987	8.631	1.945	2.476
243753_at	84.247	23.004	55.548	3211.4	1739.8	1522.8	32.275	14.241	74.269	202.58	29.903	127.23
243756_at	8.887	3.521	9.856	3.935	4.223	4.879	3.283	5.843	11.973	387.88	798.64	697.77
244040_at	28.004	9.943	16.229	87.937	52.453	13.141	1409.1	1753.2	1186.1	20.064	46.693	21.124
244413_at	81.044	34.758	10.128	13.443	23.828	10.699	2193	1659.5	2778.7	23.149	114.83	29.722
244644_at	102.28	51.541	17.126	8100.4	6102.7	6347	13.123	43.066	42.924	711.39	61.596	262.39
244887_at	107.86	6.075	4.202	22.075	26.271	81.411	1444.1	864	1236.5	73.131	24.047	56.436
31874_at	2033.3	2323.1	2333.6	15.349	6.085	6.866	3.778	5.977	4.257	184.52	243.52	292.81
33767_at	41.554	27.326	34.674	5.268	19.519	9.121	24.613	30.947	13.771	1020.3	1599.6	1372.8
34210_at	125.42	116.07	76.991	20.583	9.257	14.723	7414.8	7133.5	5808.9	91.082	516.98	244.16
39248_at	3669.2	3584	3202.3	28.279	57.723	16.752	27.421	36.625	35.875	450.24	479.5	441.65
39318_at	139.4	55.635	102.92	86.364	83.017	122.86	11397	12604	9039.6	19.335	240.78	123.99
40284_at	38.491	11.638	47.086	1095.5	879.08	834.41	9.881	6.93	13.161	14.021	8.597	11.28
