	Jurkat	IM-9	Raji	THP-1
1405_i_at	4.9997958429	7555.7429292341	51.6015846868	976.2501957862
1552390_a_at	448.1535777235	10.6325124437	8.9656337985	9.1335619224
1552623_at	7.2571417286	524.9423940697	1600.5494328086	56.4455309832
1552774_a_at	8.4941687192	8.202436336	443.0702658476	5.7481645718
1553179_at	230.333387488	5.4125340171	12.0315065118	3.3672538128
1553196_a_at	10.6239181568	13.5584350284	1190.3046064226	11.9535415358
1553830_s_at	72.6538460905	3057.4685689242	3.1607032877	108.8976818358
1554161_at	43.4658861319	41.1839752151	585.9057848394	28.374994969
1554300_a_at	653.7835101394	14.3837341151	24.2246048108	12.7635118728
1554679_a_at	5077.1651452014	48.4570397786	42.3642305467	2849.0167780641
1554733_at	40.7021263599	1479.4096059435	2.7487653265	48.9058114126
1554892_a_at	38.6257396018	49.9500747399	45.1961731772	7920.7289483052
1554899_s_at	25.4345226052	36.0154770564	44.3156599631	5386.6895881846
1555613_a_at	3950.6413088128	13.0875081637	90.7299926746	62.9690334569
1555756_a_at	3.5178511279	11.0699906029	310.1277568726	50.5895825286
1555800_at	6.0243631044	2.8271195851	102.8284421936	2.6454410069
1555935_s_at	1352.8331141414	18.7787443458	20.7752221774	28.1302254835
1556037_s_at	4513.0318087046	3.510832401	7.5949083808	26.7996359688
1556095_at	42.7603002444	4787.9332708331	3.9389064096	99.2536253201
1556096_s_at	79.1822721373	6399.8314693368	4.9045165766	241.7530266676
1556395_at	1704.4558946034	2.8774216366	3.8029592731	2.7869273975
1556598_at	882.296960186	16.0539771056	2.3232325041	1.3304647812
1556599_s_at	2405.0715293943	45.8586046628	40.3102962398	51.1229847691
1557177_at	6.0491169426	77.2718566871	865.1611599048	15.2498454864
1557919_a_at	158.0480063189	158.3533200874	148.3281287629	16380.608911069
1558826_at	6.744220388	8.4070464234	276.4574217808	8.9831407099
1558856_at	115.3703234216	89.4559146529	26.3457124523	4712.0071160542
1558971_at	1451.2941241896	36.0118614637	18.6719176265	32.7020474531
1558972_s_at	1217.1282622685	19.2225788492	19.5793463005	6.2415749946
1559827_at	2.5240143323	177.2373780242	3.18086604	1168.2990603742
1562054_at	13.0447063969	536.364274124	4.9735261378	1.7068127047
1562484_at	19.6278793982	4.1271854968	11.1210545472	731.0194271363
1565162_s_at	2.1556847733	6295.5016776871	3.2894182687	4882.6725480518
1565627_a_at	17.6411675688	100.714443236	1557.1699084511	181.2026298162
1568751_at	2.0894754247	21.4412398689	139.9275482185	1.0226271341
1568752_s_at	28.201684294	7.8648760127	7581.4629463823	19.5288542537
1569034_a_at	9.8145429221	8.00902972	616.3961769604	11.6086802541
1569040_s_at	4.3338397248	2.334498165	1307.4656573506	11.8107889446
1569454_a_at	38.753917717	2249.1067847857	20.7752221774	65.7320378887
1569886_a_at	2065.6467737233	477.9450170684	6.9018756697	19.7418917176
1569969_a_at	33.5678056642	5793.0549178125	12.5351621375	198.6354043602
200660_at	11.6792409635	7.561210472	12.3958493447	10316.3298569131
200907_s_at	470.3118799619	28.2206344665	1388.5875339565	10.773515888
200951_s_at	127.064501161	2368.9246014314	12.3279128876	153.4556850499
200953_s_at	908.2132932381	13702.7319343305	129.0051944275	736.2318156012
201058_s_at	7.407806483	17.8995176362	9.3200009564	1570.1737461355
201105_at	337.1118690293	17377.6379328465	18.7003211382	26045.1457878848
201117_s_at	2.8797170449	4.1506529961	1.2611987021	249.2577143892
201131_s_at	7.0628175258	418.8661211912	5.941802024	13.9815166816
201137_s_at	64.1035233184	7025.3870173511	17911.5370261514	360.7875034212
201162_at	10.193384761	10.870255311	11.3863534066	7650.047353422
201163_s_at	4.6840346623	13.5104611115	4.1632527259	8687.3060357981
201169_s_at	16.4241312851	602.0499622679	6.3805344846	61.1714687769
201215_at	33.0823738499	5560.6011226078	24.3345920835	2104.6355859138
201313_at	2184.4352525599	2364.6816169528	5.9522950822	5.3297136086
201387_s_at	36.0154770564	5097.1398312848	12158.2204856799	468.8610109188
201416_at	11303.6147468837	202.5667151776	256.2165572582	204.5954109832
201506_at	21.3431037601	14.6581152752	30.8109705065	6900.2573676217
201579_at	5689.5696591104	83.3428341226	75.6323834246	1792.7069638394
201670_s_at	248.1844118021	6521.0971804323	18.4556002822	1657.8932103859
201909_at	65.6126368259	146.2753663337	18922.838624152	21843.3068351618
202007_at	13.2415185454	1917.2670644597	1.781337669	5674.3903654872
202177_at	7.5627025442	5.8783509377	12.1795072343	997.0720892016
202178_at	22.1517281747	10.2267813617	1051.2305474018	390.3287289685
202207_at	2588.0477350284	38.3507603409	9.9544949336	75.5141057928
202242_at	8602.2998536239	201.3038149903	22.9380424467	57.7735145084
202283_at	374.339784685	11.9860639545	83.3686560805	4367.4193684632
202615_at	10850.3321339342	368.5920987153	33.041684388	3452.8896626304
202620_s_at	34.456490478	1591.6284271877	15.9603639913	364.4115457528
202718_at	6757.8530587903	53.8104636913	11.4308217937	2229.9832693543
202728_s_at	31.8553819847	11.2177455581	338.5645228961	10.0186151869
202746_at	13073.1688726385	4001.7631140981	26.8968595347	145.1448947074
202747_s_at	10795.0118206	2567.9856494076	42.3369374475	92.1838638029
202888_s_at	11.7013771748	8.9525063555	16.6266017442	2529.5612804766
202897_at	9.3592856693	8.1503123972	7.235436099	1253.3105847292
202917_s_at	58.8701957017	55.9258563723	11.8370035177	5278.8322876344
202935_s_at	10.3252041741	1154.608295982	6.8232345822	52.4401782346
202936_s_at	54.1492064225	1257.5932549661	24.3777782156	27.8227622345
203132_at	7489.7276040969	4.7917726695	2638.7011183172	2278.7899321546
203140_at	129.6118565984	33.2285559298	7823.7135578416	284.5219473669
203186_s_at	482.2468790101	13.8032442887	18.3959232522	19145.4759989512
203290_at	17.5484262438	174.7500924974	11154.4758165269	15.641325383
203434_s_at	10.1688483585	10.993845264	2829.3763955849	11.6953891421
203435_s_at	27.2962510386	32.3886482724	2325.9598607165	25.6262078229
203440_at	1367.0378088289	8.8522815206	12.4189307318	631.3269293454
203510_at	8.7390701779	27.4844248118	691.0724179318	12.4957420425
203535_at	15.6541430023	27.6059706716	19.2012017139	1672.6499190934
203548_s_at	5.2305925319	60.1389569459	15.5944418938	1070.7897606294
203570_at	223.093900916	4.3703211117	6.8439508282	5.9542196758
203641_s_at	23.4335640791	71.4967301704	1894.9849368986	39.5979504078
203642_s_at	40.9754415823	19.1976462376	2908.4987916532	66.405468189
203695_s_at	319.7738040954	8981.5436115334	100.4851644798	488.0629648979
203716_s_at	8.4654595471	485.5038639874	6.4571376594	11.7394546824
203760_s_at	2828.2270759174	16.6815445396	20.3058113878	934.7910348182
203828_s_at	1194.2890900255	3801.061099034	20.2280994348	17.7315043832
203835_at	12.3841390703	6.2502850319	296.34763538	8.2913475126
203865_s_at	1040.7207357944	10.2354873072	8.7114676272	11.4148271308
203886_s_at	295.3029762918	14.2228241651	8.8821710502	9.5859446274
203913_s_at	442.6522456997	10.0600872991	9.3125159156	17.3231633622
203973_s_at	161.5696842697	49.273853357	25.7432107529	9520.6196332013
204039_at	277.0788656248	44.1930895793	38.8481858509	19007.2489950016
204112_s_at	14.3486535116	4.8909835737	14.6306477843	4848.0266765434
204201_s_at	51.6625398875	2706.6624829014	39.5646603147	128.0942812617
204409_s_at	20.6367096646	26.8748852033	6149.3610058205	2423.3246365233
204410_at	9.3577172523	13.3231685646	1572.2970700688	665.1118310817
204445_s_at	34.7155247787	11.8810685058	1255.3894895358	122.41368665
204446_s_at	60.197182039	64.3948237251	4090.5806717186	316.9501368904
204463_s_at	2.6261117914	315.3366380897	3.720584534	6.3409306884
204466_s_at	168.5548206229	3688.0907888009	16.6287800579	146.4197488904
204497_at	134.0760372827	5.0885282023	11.3973260804	2832.1295468397
204517_at	93.6961623653	101.4182393668	76.574425896	7992.2988809369
204518_s_at	11.4427800367	12.4156433039	14.842950502	3083.5532760745
204548_at	4.9783755984	31.5469570724	9.4522390682	959.4221562281
204561_x_at	41.4870261374	36.7927057626	47.8421739077	14580.3246406511
204562_at	123.1261829863	12605.2507981074	730.7937612656	872.5097371984
204614_at	17.9075795379	1983.4053103428	10.0290994296	9895.0345092584
204655_at	42.2049501582	5801.4859627293	153.681338343	1238.0857076796
204661_at	157.3606360857	13.4223348789	6863.3448339228	206.3614664417
204698_at	24.6002224877	201.2193303795	5367.7258340678	11.295775148
204749_at	10.1537770873	1432.1364906947	12.6206871766	322.3327276916
204882_at	30.8399526735	7.5649084246	1144.4552114767	267.8093503583
204890_s_at	9396.2363797101	112.4980204322	491.5793572128	69.7229754152
204891_s_at	15602.9072398523	11.639491413	550.2448726546	11.2484625088
204959_at	49.4991210741	367.4925814338	105.6275483779	8376.0065524866
204961_s_at	10.3182641675	214.0340179728	4355.5540345254	360.8575910848
204971_at	50.6702649251	43.2673441103	76.9927988881	12710.4822435165
205000_at	39.8973153678	20.4343727734	3726.3056723791	3277.153931125
205124_at	44.587546665	69.5955946764	2090.3690297766	11.6141242266
205131_x_at	280.8532906983	86.2925485615	115.7657701105	8948.0362911917
205280_at	548.3601124381	2.7054934722	2.0894754247	191.3484681876
205297_s_at	116.8593786445	750.7081625393	8229.0971688267	231.5015414646
205382_s_at	407.9363241992	12.8654126721	14.2655866303	6766.1320351974
205403_at	16.539780657	38.4324633188	2163.2875225462	23.0018341209
205453_at	34.6800836417	839.2789235608	20.9887288447	32.4423650171
205456_at	3974.9774859545	96.6914278102	82.1069261405	33.5147215355
205476_at	6.371853722	611.2883654148	10.7418252426	13.4645576123
205498_at	39.6135545278	4257.8475517525	33.4956378689	159.512606487
205544_s_at	17.6330156943	8910.8542227442	8904.3255451005	152.7141121957
205569_at	638.925538219	2750.9312132238	19.5492011814	76.0779208867
205573_s_at	4.7059368757	39.0410805472	3.361239319	898.0994804606
205612_at	5.3762454825	1195.4709777773	24.7390845092	17.4455818661
205671_s_at	71.968269389	262.8338663868	2570.5370475579	41.1490483486
205681_at	56.1607315163	10850.3321339342	4401.0374452964	220.3599733277
205692_s_at	103.9590368972	20.8853501388	5192.591525518	2963.3771646839
205715_at	137.9074379569	5.8717438077	11.4288642074	2327.127354453
205801_s_at	14.5318633498	313.8287215223	2760.3625343255	46.8063272941
205848_at	1353.8352977274	180.4854839054	31.4951585073	6.9862989958
205861_at	114.5014873537	366.0516293832	8876.7651883115	406.8915995254
205890_s_at	10.300803361	4918.0584000925	14.3860594596	12.8724126075
205902_at	7.1951607235	7.8181664861	895.4184707159	6.8518318796
205903_s_at	5.9718655412	9.4172090694	1769.6637364812	10.7794074795
205922_at	6.5143937416	179.1714796498	1160.6997560303	6.3909845825
205945_at	10.2095333786	47.8479699186	20.074421681	6494.2130990541
205997_at	8.2081928184	7.2936804342	406.9440979498	5.4372359843
206023_at	4.3645259805	7.8928709297	5236.0891692856	28.6011691077
206045_s_at	5.3850941179	467.0866853719	3.3433891244	11.5791385575
206070_s_at	3121.2033008323	598.5540471858	3.2803491493	22.0665132365
206082_at	8.9925231211	1326.7577049262	284.260574171	35.8461666028
206100_at	26.1344605755	5.6611169408	6.4454630333	1928.153244243
206111_at	105.273405019	141.8182744575	60.9905877623	24270.0866588838
206120_at	11.9823950759	27.8129535718	20.964628942	1292.2422611791
206126_at	8.6744891342	15.5869770581	1050.958496607	38.2132667754
206150_at	104.753414737	138.5657450134	9354.2325828958	106.4673587359
206206_at	28.7696122601	48.6392519536	1792.3100441966	57.1082892284
206255_at	9.8182778869	1229.4953690043	2267.0090875889	39.6833077686
206271_at	17.6467207243	1376.5755306729	11.228913	80.0511600663
206277_at	14.556359201	10.8789490905	8.2716101295	2453.8300108681
206283_s_at	5905.7409372375	43.8966347279	60.823802629	64.4498954916
206307_s_at	133.8797122039	18.280676495	32.7124825714	8354.3776673282
206310_at	35.5228582107	38.2718081519	753.6594378345	14.1465836917
206480_at	11.3806723954	8.6448739697	17.2189332316	854.4120332907
206513_at	46.5492662155	146.1054338843	3587.5102202692	63.6023003706
206545_at	690.0034201598	37.476642165	29.4521523244	33.4525982166
206546_at	936.4794458599	13.25885321	32.9275661803	19.687340208
206609_at	53.2834988964	2558.8695636609	22.9779928845	201.9263199275
206618_at	10.4378770545	1531.1979002146	11.0317692098	16.4167371212
206624_at	2.6038764357	7.7640263586	353.6572158932	21.1990697218
206640_x_at	517.3469522135	3385.5188247885	13.068135337	90.3268289632
206727_at	368.1706087459	5.3579039767	6.7066389312	5.4483793414
206759_at	10.4943658957	7417.7200915431	941.8004372569	300.4484594601
206760_s_at	14.6991684287	6037.0433382438	682.0424445346	32.9137426124
206804_at	5436.4486676279	23.3240623135	59.7461774858	29.5020432986
206871_at	10.5313410782	16.6238901996	17.8055091769	29692.8510942173
206975_at	9.9271861725	2634.9883576655	828.5642055273	21.5995860626
206978_at	80.2817033109	65.3237670754	57.6827311653	6125.8128495421
207015_s_at	839.7037748486	24.972906781	39.6590459603	21.1265498976
207016_s_at	3246.6988715047	19.6194631325	25.893886723	27.2637745442
207039_at	21.7684061888	214.155159604	1335.3113851094	20.1965752208
207245_at	7.0102058203	1043.6499241003	46.2516115125	10.2844794299
207250_at	901.4046695693	31.6951891186	21.0070558141	16.3010430712
207281_x_at	18.388868333	1295.6691022702	40.6300321854	59.9055176927
207339_s_at	126.7711308815	261.6249365513	4682.1123734319	142.3917226538
207341_at	21.2863537276	37.7344870554	69.3333634905	24270.0866588838
207397_s_at	1193.1078068141	5.4910955597	4.642898993	3.6384642989
207398_at	631.3269293454	6.9489807896	8.9942757305	7.6611238322
207469_s_at	5.3234458434	1585.9019580206	9.4873308895	1182.0725792708
207691_x_at	91.1581330185	5484.4307006639	75.8245115932	307.6673268347
207761_s_at	156.3764324151	112.3692099025	6140.0556189734	327.7950505121
207861_at	16.6666998513	2815.594197313	2819.2809379148	27.1222995348
207865_s_at	6.4559477257	48.4169398253	14.5707188019	2251.4140752504
208029_s_at	8023.5462501447	5.4184952422	53.3293986394	4176.4025631151
208461_at	4.6299605133	276.6096194561	4.818977502	3.1514730694
208524_at	121.0789778104	4787.9332708331	129.4618336899	381.1101182745
208683_at	119.3721773551	72.0751582617	77.8963058701	8724.098026655
208937_s_at	7536.522837224	174.617873544	29.4461570853	1375.5506270779
209031_at	580.67348578	6050.9786118734	18.5849742779	528.4016499865
209160_at	885.3116199109	68.1422162855	6.96298518	75.084988171
209185_s_at	376.9053642726	21.91366115	25.7584111638	4329.4652211493
209191_at	43.291166205	32.9243528272	595.241399784	8051.8979144358
209210_s_at	1210.8774644879	2659.2197801341	1.9134039335	115.6898808298
209213_at	4.6618974296	868.8860201977	6.0401107501	396.156741755
209301_at	6.5022469198	15.403315589	9.4976070604	24480.1838891074
209355_s_at	6.6850114449	352.0718384379	5.4646577699	10.0096316127
209374_s_at	20.3518413238	3148.5071358887	29602.456657314	720.5572164288
209395_at	9.6828598971	10.0623078294	17.5278480709	25978.492734314
209396_s_at	13.3588581427	19.5318642094	13.4102130449	25791.1372232616
209470_s_at	21.7818453902	1910.7786977324	217.0814031917	48.3189187716
209473_at	62.9170104213	6226.6579568598	220.1946518138	306.526742452
209474_s_at	13.1869262376	5430.3049542765	17.375007141	184.7948329511
209524_at	3129.3500857968	623.4229224085	4.7439193973	25.5511008061
209590_at	16.8619325608	67.4266559006	1131.8124244307	74.0617959727
209591_s_at	31.8755613322	17.0118777659	2771.0726067072	98.4729344564
209598_at	3711.1310417151	83.5766980484	55.1143368263	81.8175979272
209602_s_at	703.5130484431	4.3217847768	1.0834142622	3.7701485182
209604_s_at	6295.5016776871	146.2320920662	60.9855000919	148.2381047573
209616_s_at	6.7980465911	28.7384099868	17.1417170417	4593.2654767566
209619_at	14.9323730296	23175.399038388	28707.3344073403	2863.0829466174
209692_at	10.0124951581	527.9550783597	12.2853758591	18.0696295917
209728_at	7.9516643471	2952.8326412379	137.4568245092	8.2840192261
209729_at	1166.8393359204	26.4797152454	13.3206461112	179.5856628475
209757_s_at	793.0435831783	26.2047567378	18.3942649809	8.594880248
209763_at	3636.7964066612	84.0771771265	94.8493390621	46.6400029346
209803_s_at	6.3864687404	33.4720124209	5.4537054463	658.1225733677
209829_at	126.5792799682	126.6319175107	2775.2448072358	49.745984549
209881_s_at	3281.551119357	51.3737033487	99.5651246176	134.3732636703
209905_at	5.7880618643	4.418791879	7.614184601	1398.2221598058
209933_s_at	30.8188702836	2782.1179787884	36.3108249994	498.3032912323
209942_x_at	176.9217991513	19899.3313726879	38.3422294612	1465.9449414112
209987_s_at	7.5908249208	1161.0497821852	6.6336143793	82.1585681285
209988_s_at	49.6673052974	2918.6642969533	11.5526423703	182.0969973547
209995_s_at	23.2127224201	40.4355185946	8857.4485538922	49.9213623679
210031_at	2586.5637271267	39.2732261019	110.5956742259	106.2558336783
210103_s_at	18.7442820903	866.1737756185	20.8009524717	25.5060903339
210116_at	4169.2292359076	21.9441085444	63.1110513828	28.9755318704
210135_s_at	69.7291383298	120.0119571871	48.1549718637	5626.8591531743
210145_at	14.5461200771	1008.7359543731	6.3543117672	880.5075486808
210254_at	14.8904386379	28.5085911592	12.4293652247	9801.7906731041
210258_at	22.3975194363	1.7981094096	15101.9324531687	43.2864165757
210295_at	12.9893804197	4235.3420030407	17.6385654655	31.3732241363
210450_at	20.5674656342	29.6552570289	1249.209880621	42.7960336333
210467_x_at	407.652042741	8758.3180450193	52.5121955047	416.6296158151
210506_at	5.0892783226	5.2741020041	50.5867198383	944.4095749997
210546_x_at	4.9505083727	5065.2075821098	15.3193222941	30.0066117544
210643_at	17.4612822004	3425.1131783432	34.1766894329	149.6002729853
210783_x_at	247.8233912071	27.6820640813	107.3330759337	7705.1199011584
210830_s_at	6.7658971572	1895.6641303767	6.5477459131	826.9048091638
210942_s_at	8.4419333435	1532.570628174	3.1958939242	847.9585229013
210948_s_at	2366.5281441727	404.6559568706	15.2389298268	110.3455471231
210982_s_at	10.1811964055	20929.709517867	21208.1821171764	1535.8649053517
211005_at	3232.4797436258	24.4573447405	69.4724616171	277.3352580191
211102_s_at	4.242813029	6.615707834	10.907346402	496.9136247462
211153_s_at	16.3081858323	1457.9139567539	9.5482657073	61.4081695586
211209_x_at	815.8320318027	19.6674353707	36.148552819	17.975227532
211210_x_at	1892.6304614745	111.1901608163	131.4674985183	22.7681953677
211211_x_at	1446.9645800715	18.8304028066	20.3281163198	22.2332565135
211259_s_at	19.3612092897	41.8455388053	813.3915368064	63.8374404904
211372_s_at	20.6294948686	12.9312309199	936.4794458599	9.5340576766
211379_x_at	2.5405135214	2.228837241	6.9761017389	482.0239945329
211421_s_at	39.0410805472	34.2739285211	88.8146588662	4229.2640392492
211458_s_at	247.0181369682	9.9313800314	5.3978920047	8.0452005326
211478_s_at	6.5707858839	569.1080138165	4.7286179596	88.239126704
211603_s_at	15.1301821622	1027.0146581946	15.6022508831	46.6899777418
211633_x_at	14.0892196045	58.4078878976	528.0353117291	16.1345421347
211634_x_at	8.2139604128	44.8452162239	3311.8052202834	7.8776874144
211635_x_at	9.1439581077	27.3422612939	3526.2302346077	9.0107468202
211640_x_at	8.9566064158	7.8977269747	453.6371604631	10.8040572688
211643_x_at	21.5020197793	299.4490893705	1750.9039739959	62.9743584904
211644_x_at	12.0108940483	155.3052504411	29692.8510942173	112.5761592269
211674_x_at	6.7658971572	6237.5985363403	13.7481082274	74.2515324618
211795_s_at	4132.0923001845	93.2488080679	49.732844495	657.72663107
212012_at	2511.0567202328	52.8231866137	47.4744562727	71.1261289703
212013_at	1559.0899478117	22.1115419229	61.715377051	52.9244889718
212158_at	65.4483355265	2.8864852687	3.7795202712	2978.7288944394
212268_at	5.1978096833	5.859546687	16.7689289172	760.4902485371
212364_at	1768.0885987829	51.0761771801	17.3231633622	37.4860959625
212592_at	5.4760670921	3991.4871190129	18469.7404706239	837.6617524262
212624_s_at	1682.4475276869	27.0683652659	41.4011979863	23.2332042379
212636_at	7.6977072568	90.4236374229	38.3855851774	2312.7356677521
212671_s_at	12.1703620479	12352.7071368032	10971.4136091681	300.3842928774
212698_s_at	9.0205149177	4072.6134043984	13.3471032784	86.8996389586
212713_at	359.7287838971	13.2466280395	9.421672143	15.035777761
212776_s_at	11.2503442307	6.8031232361	13.1479494077	879.8893112636
212827_at	42.4992973755	3053.4573015229	18544.983789691	364.4115457528
212993_at	18.5090080207	2.7969677182	37.2657665927	1905.5104945641
212998_x_at	4.6175680078	5593.5798182627	5264.0970050452	287.7896167958
213095_x_at	7048.4775920213	16.075461366	36.8046536498	2819.2809379148
213293_s_at	30.9368879194	6672.9020750586	1027.2052150846	236.0601851988
213308_at	20.187237239	8.2913475126	572.9953347465	32.4727806154
213338_at	26.2760997995	8.8074616964	7.5066464676	788.2110715757
213355_at	11.4628475897	1368.7467928279	6.7108575399	796.6082410355
213423_x_at	1094.6236125494	144.6677018411	15.4376475068	15.7560047095
213456_at	2667.3756705345	27.4779060334	6.5194629167	11.9954224506
213539_at	18593.4846137383	54.6050167277	50.8117914594	39.6515390007
213668_s_at	3162.7490458484	104.0266091662	106.6998782353	54.8462281437
213802_at	24.5586104647	8.295117765	6.3001698974	1434.3619953297
213817_at	14.9163253328	1.6622318108	9.0601315306	2008.0206990515
213894_at	49.7362035149	49.8789187859	31.1957118903	2226.1707945246
213975_s_at	12.8253517872	8.9042127585	11.8319681027	8573.4167542369
214032_at	2619.6227258835	38.7780725422	8.574360721	29.5636433298
214039_s_at	15049.4802834722	6.3387659798	11.0542943676	8975.8243023228
214084_x_at	12.7274569407	198.6601819522	3915.1941012639	325.5526246725
214181_x_at	159.7606487062	30.3410719723	123.3059557152	4409.0960238801
214183_s_at	27250.4920240256	17.6439822085	15.8295980141	13.0221283522
214254_at	65.5797234796	11044.8127482753	64.3315812617	773.5498995473
214366_s_at	37.5520002825	16.5281347253	1331.5034385318	152.1998617856
214511_x_at	12.8189633205	15.6386749134	20.1993431558	6019.336384355
214575_s_at	12.9376716716	18.6341354061	25.0278676562	34222.6757627814
214603_at	162.3166301594	4319.1448453356	47.1000975426	222.5364753612
214612_x_at	253.2964834349	18959.2248385222	14.9497786114	1130.5301764678
214615_at	7.9079852547	1698.3816335847	207.4629990978	54.5418457655
214651_s_at	29.9414071429	25.8637577313	14.3175497858	2995.0717506818
214669_x_at	37.0682745892	5286.6492111363	23409.5479902383	1039.1359450891
214920_at	22.3990572738	35.9612570464	61.275060775	3211.8637205253
215051_x_at	8354.3776673282	14.5255941617	38.2265555094	4202.7046828655
215176_x_at	11.6264576854	2370.8626063322	23.8910481112	971.6424452905
215294_s_at	292.6830880348	4.1401664365	3.6384642989	2.3945967284
215443_at	343.2012165275	4.9621726109	2.2482627998	10.0623078294
215733_x_at	9.8380269089	2392.967275781	8.8720281315	17.7109795256
215784_at	362.5108794101	3.5935218539	6.6191817851	11.596221675
215990_s_at	20.2900943698	7.1589750128	2451.4742227065	86.3206548107
216015_s_at	7.2853397159	3.9696945608	6.0929832801	926.431281995
216191_s_at	68.7723071446	670.5994456827	8.9226940735	64.725846294
216370_s_at	27367.9736546396	73.761560587	116.8072928146	64.2623326498
216401_x_at	13.1513691453	885.5639007146	24.9984533148	17.3231633622
216541_x_at	13.7354186333	13.8760290494	747.7805691588	22.7250739047
216576_x_at	29.0351286824	2732.0965236561	108.6008033514	309.240104152
216667_at	19.7815012999	27.6416125351	29.7445665842	3415.8617934358
216834_at	7.6335116547	494.0328794677	1433.6051289367	50.8321944494
216905_s_at	6.5620916596	5.4571033007	1300.3945068064	1578.5715182818
216925_s_at	1233.9027652086	43.0936997663	28.6899714434	24.1520864896
216950_s_at	102.4356660075	60.1613976968	17.6120256787	5350.0562517199
217078_s_at	3.3215197675	933.4903648643	4.3248772734	59.3816072935
217147_s_at	926.2525131467	266.5907826912	4.7273292196	19.6598749403
217281_x_at	6.9615003706	10.4144262813	484.8850468286	7.1347672097
217339_x_at	16.6416543831	1467.6937787934	8.0524130982	29.8745135867
217489_s_at	6.96876993	9.2379245194	17.8466600575	1606.5712809771
217728_at	3.5192208719	170.0375409003	4.5359126615	13860.1029931274
217762_s_at	10.6888136663	64.0155934954	42.0664077346	3205.7269872684
217763_s_at	7.4743897551	24.0238308591	8.8983128355	2024.2278685225
217764_s_at	18.950779279	74.1465691733	18.1165940889	4330.416972675
217865_at	5469.2929517038	13.7266676111	16.8158597957	3381.2468978672
217963_s_at	12979.1136841288	47.3850743344	27.8996388558	11268.0298217347
217979_at	4561.3391034298	75.5524557016	135.0246895634	290.2646030154
218035_s_at	18.690336797	2762.1258988536	28.9970968632	794.6477930435
218066_at	4108.9861803092	91.5358934884	87.3554974527	191.7030723396
218656_s_at	82.1444858691	109.2834781131	1798.2214136635	12.9205900784
218717_s_at	11.9065703762	7474.7106407551	17.3255963456	28.0102445518
218730_s_at	760.3564002552	4.1835156072	5.291624169	5.9381839941
218824_at	784.275931757	13.1887292339	13.2569889124	27.2176680769
218922_s_at	6.1523102932	262.6192239433	568.1891755233	5.6443273675
218976_at	126.6638157157	683.6101461802	3344.4921068924	22.2308715944
218980_at	12.3264562195	1419.5351788129	242.648640354	12.6555715074
219024_at	776.8420756599	26.3819564298	20.5626347784	19.5557515407
219073_s_at	36.6382145394	43.1725451166	4454.9941580681	63.9028569963
219243_at	1598.7678357236	25.7328083838	11.7354805743	21.9018862483
219247_s_at	44.3460756851	93.9163987287	2914.819605532	266.1553034151
219274_at	7.1161581878	1349.488937478	5.6312563792	127.2625589442
219288_at	8.0309992053	279.6720397058	7.5649084246	2676.9330446375
219360_s_at	6.3341924274	7.9717293511	8.6245974537	697.1444512616
219424_at	8.4465527856	7843.9672475238	3283.9567131424	146.5545698353
219517_at	213.3889915039	1145.9266048034	8775.8416316903	158.8456980754
219518_s_at	96.1859186231	468.0497963579	5658.4554360828	127.3379176096
219528_s_at	4460.8762027489	326.7118824763	43.3990217839	70.4353436473
219532_at	1554.4716854095	6.5723985283	7.3050888332	5.900506557
219574_at	8.1026017531	13.6059466569	667.5961025006	31.2831935048
219607_s_at	2.4768641196	3.1607032877	8.4198962454	496.9931805218
219654_at	3701.5330013308	32.1637186107	44.3943361086	1208.7526624875
219659_at	649.9715271055	35.2267310167	37.5047081545	12.3667971631
219714_s_at	13.4892783816	4.4096803631	28.7516464164	2455.0926164176
219725_at	17.4433335959	33.2946479149	13.7715964667	3990.1691543067
219799_s_at	76.1083745136	86.5796380949	109.5287311479	9450.5147304479
219855_at	1924.2570087055	28.0130561147	32.5811475115	161.45061431
219937_at	9.8921199137	6.5180277933	8.1745876295	2076.8822968275
219945_at	2093.4294889163	55.6344464789	79.7329916703	62.4122409502
219985_at	8.0632799816	2015.0385549322	22.8169626224	75.9520935437
220057_at	15.7539917948	320.4793079142	31.5168106501	5336.0443858718
220059_at	17.2174177085	3004.4437730694	4868.309517554	100.5037922797
220068_at	100.6532144726	99.5360257474	6555.584262817	84.7618458909
220129_at	50.3607272839	2958.611240577	56.8026281105	153.5383150661
220132_s_at	40.8548995097	61.794611679	2715.2184194762	51.9397669388
220301_at	4.01643724	236.5477473207	4.4761070009	10.9041391587
220377_at	7.7919561749	12.5246586016	1126.920310604	8.5009300997
220416_at	57.3018210638	69.370014128	39.8924794228	2692.2977060377
220418_at	1105.4855851396	6.7578928047	7.5627025442	4.2816015306
220432_s_at	30.4077334699	2.5830045317	673.0396644764	21.9650071115
220448_at	47.013409939	7.9319637473	1313.736727071	10.5964294336
220474_at	14.3974861095	640.0143840246	24.8042833044	23.4973490002
220565_at	28.41483732	1811.6317213876	16.2940298901	39.924716533
221003_s_at	14.6086600724	13.990576428	377.5133883319	20.2827371605
221111_at	201.8114185572	16.4568741045	7.3951574128	3.2374008448
221558_s_at	9411.5369045966	2013.9584078734	9.8380269089	473.2147008962
221704_s_at	2080.2695291686	5.679412391	6.0593850347	597.3012937629
221766_s_at	152.3037371818	77.8890874778	63.6083411293	14299.5522878638
221900_at	16.603983814	7.2479916672	10.5080283298	2124.8204764445
221933_at	533.8393307553	47.7988112009	4.4523027371	6.0194868935
222144_at	6.4709225461	9.4536180058	20.9998044877	938.9972286363
222288_at	1468.1795776798	2.699307836	4.1296477684	70.7157589446
222450_at	984.8984328089	4.3898481088	5.4314736366	3.7333148854
222463_s_at	18.151535193	6.9081822687	9.3473627038	1400.5989207478
222698_s_at	19.5740301658	8.3965188552	8.7285807183	948.5059153505
222722_at	1430.9683990584	72.702928732	45.6053189297	12.7604986487
222803_at	32.5763084356	2094.9167766908	6.2054908329	254.4508899134
222895_s_at	6689.1004406144	558.0633334766	34.9333557171	82.4449487805
222902_s_at	273.1013939539	17.9713863855	9.6541696365	7828.9122570925
223120_at	15.7987024308	254.5058729838	8.8454689645	3117.6047787386
223170_at	1050.1799433092	11.9256507512	12.6916507648	11.9005220289
223280_x_at	20.2351890699	49.52797172	51.1005354671	5985.0946021377
223313_s_at	504.692536626	20.386144802	11.2311491173	6.6243426873
223551_at	55.4653591906	76.003107085	22.2919841104	3497.0494397752
223622_s_at	17.8159299967	19.8362548785	18.9593589906	1853.7773956523
223642_at	794.8331022967	10.3436498805	4.474571879	3982.137019489
223696_at	19.3712488043	26.4797152454	16.1196442102	1190.7642710022
223721_s_at	68.5722438002	260.8644818508	1766.9369834811	56.0598868416
223775_at	359.1243369033	4.3597127669	7.2467514594	7.8360738437
223952_x_at	112.472999211	146.0906215337	134.7846987746	13662.4423044185
223975_at	8.5961896398	1569.0354613072	33.0872159952	79.1488884985
224009_x_at	142.8976740986	119.8036836338	193.4332046854	13633.9608074429
224048_at	2759.2525339942	66.3409331015	60.3922833111	79.7329916703
224356_x_at	16.1363890431	43.6109191904	24.0475569502	6183.2857404211
224358_s_at	2.7375467825	58.2943938531	98.2671275762	2206.8509420744
224461_s_at	13.4803985585	1271.2299718205	15.0887417476	225.4186790853
224499_s_at	14.2848340086	2056.7138344873	5841.1515630386	160.2696828174
224588_at	5.2979804943	3172.2754773168	8.4228103093	33.554853102
224589_at	12.1957179319	863.8903710543	13.306572509	9.9460601891
224590_at	10.2184765442	940.8232118556	3.4609270695	4.0245283085
224710_at	8.1987061305	1151.8228036434	9.2262740324	13.0430857761
224832_at	21.4505995784	1813.4682911553	76.3337629339	28.3344195896
224862_at	3873.3491997611	157.791353319	2.3292068545	1545.2895541513
224973_at	21.1414931925	12.6023448659	5.023611409	3463.3405248501
225056_at	1859.4620024199	9.6988167662	4.7876052826	77.2003137366
225129_at	40.3501158726	363.8476500257	6.0002577729	2745.3922547071
225387_at	954.8627718449	21.0709784498	5.8411499646	137.6396927154
225681_at	2488.002222153	21.8570641035	21.0991090352	34.6613661035
225782_at	2.6959462947	240.334714281	3.1898691346	1050.8642439565
225792_at	20.586788438	652.9165493289	6.7901779542	8.7004080099
225897_at	225.3761952111	7961.3380136211	13.3866124279	1280.2564869612
225911_at	10.4541840823	2278.4761280671	28.8966832522	109.3656903751
225962_at	1554.6821281	12.2138423748	14.1511591194	24.0238308591
226099_at	92.1149752405	3012.2672507478	1.035281055	541.8481280832
226247_at	1625.1175741599	80.7059456206	41.2528609588	29.8837861968
226333_at	22.1711376668	59.6187844305	15.2227877277	6090.0796629219
226548_at	885.7195912892	20.8925925691	14.2522635139	6.8087193476
226636_at	10.0730143878	752.9669247857	7.8209377104	329.3251900934
226677_at	2093.0484120118	10.4818154303	8.2771010597	3168.6603294072
226811_at	1132.7346475034	154.8263780023	43.8885580681	9.219105544
226884_at	358.8563396108	2.6038764357	10.2227865564	3.800917898
227030_at	269.7360201938	1505.9518090137	4783.3668587013	17.3295706051
227034_at	9.1574563917	891.8733484071	60.2695361757	20.2154370361
227036_at	10.6115400689	47.6885773922	1.6332072656	1042.7651905154
227174_at	35.7254490447	1221.4744854836	37.6787967164	59.4982141947
227189_at	22.6367053674	22.8459687531	4748.9770931434	108.6437422858
227266_s_at	2607.8579026069	59.2815639273	29.263112798	521.2450158106
227347_x_at	2169.7335928338	44.0572891916	59.6614571293	69.0072492988
227371_at	17.3661183417	716.0088763483	36.6533967351	17.5664938214
227372_s_at	7.2224192886	1565.6479831538	4.5110040548	74.3158512598
227623_at	15.4007457774	1129.1651122901	16.5809651309	25.1278634562
227671_at	97.0816932572	4941.4724657535	98.2130862862	150.0206899224
227742_at	19.9476527746	9808.0301464665	22.4114664603	498.1695295873
227812_at	10.481054958	1038.5645063666	5.4286405738	98.838581016
227834_at	15.2389298268	15.0018154374	262.2492994578	29.3256689741
227915_at	15.4855510298	1153.2158264816	10.8391706149	26.0241030591
227923_at	214.882574279	12.2803037836	4.9997958429	4.2975885661
227947_at	221.8968906254	1.984229027	11.1575304291	1564.8708561542
227949_at	23.5485429671	63.98554927	5.7110890096	3552.6145911868
227952_at	55.8973506932	5046.242248466	316.6009013119	180.4544527718
228056_s_at	2.9992758345	368.3972328738	2229.9832693543	501.1563326454
228071_at	1930.405039364	235.9920636544	9.2673388821	8.2194099716
228153_at	417.1828152395	84.9895383368	6616.2313495595	139.9959439248
228262_at	13.6914588417	65.8161634006	614.9628350337	12.1725705724
228293_at	5.0390253689	7.4974543876	3.0501851205	352.1472467079
228486_at	17.2911234902	14.3287429438	14.0509691756	1887.7370000275
228592_at	10.13780526	7636.4631573692	17831.718884411	393.6493416877
228625_at	53.1131132421	30.3632714962	46.9794585274	9944.5155217713
228636_at	71.7731463921	250.1801055957	97.9791758355	8870.3647244014
228737_at	8.574360721	4129.7068873239	5.0128355833	493.4340956819
228758_at	19.601241355	15.1576024533	675.8794577865	32.4615553922
229147_at	10.7407754488	67.0456641317	4076.7650449821	8.4639460227
229159_at	1.755544353	1.5279078438	3.3416973939	1254.3104705337
229309_at	22.6304370508	209.4387980889	31.9957280919	3390.9873985722
229552_at	7.467179541	6.1592714267	233.1779487127	9.5122732555
229580_at	5.1573017252	10.0692759283	6.3257986021	789.3797591433
229598_at	6.3353598772	2.6361041446	156.258013199	2.6017100501
229638_at	13534.3688263013	35.5228582107	7.0733523826	9808.0301464665
229973_at	8.3844986485	5211.5502352688	5.2893351616	303.8487263308
230135_at	1192.2885270684	17.2588873624	21.2863537276	44.7806560937
230193_at	12.9790285484	19.0286388977	1406.7632834863	16.5640910052
230218_at	113.1098097584	1266.7043857856	12.5386886188	11.8726129106
230233_at	28.4483185945	18.3959232522	932.5947391619	18.6158776368
230493_at	1478.225118515	34.2415189217	46.0749511901	40.2386141409
230550_at	41.7753296115	6.8403587992	29.5804572827	1893.8538305089
230624_at	79.6802532007	20.4070813683	770.9936754921	13.127521043
230625_s_at	11.401249711	1462.1361102228	20.7040361352	36.7821580764
230650_at	7.0785891891	811.0080486659	24.0342147123	57.8595868027
230673_at	3.4272094545	873.5377661733	508.3158710255	5.3732255362
230788_at	7.4941091508	289.0110701301	2216.5869469029	13.8611224579
230876_at	11.374984499	246.4454293008	7.690229828	10.9476807872
230900_at	9.8161907408	39.1505542252	290.9093847287	7.4355486823
230958_s_at	13.7187698846	11.2055231796	483.4738620375	65.5041589304
231040_at	840.3892259039	69.380526286	3.4403504246	38.7704554288
231093_at	84.9716279758	69.8390097811	4777.2285015237	120.0642349137
231120_x_at	2.709431236	2.8116001482	3.5178511279	878.0788542034
231131_at	16.0679317493	3329.1343354738	13.0576217448	142.3470439344
231175_at	463.7284852082	18.16383033	1.2611987021	23.0143285268
231219_at	307.293715268	7.2617976617	4.5888831384	7.5139648078
231307_at	5.0289970963	431.8389610094	3.2472439163	4.8735704006
231442_at	7.3065188831	20.6367096646	338.1824462288	13.0036931024
231786_at	52.5665457812	4.2057858157	3.9268924245	719.5719904222
231798_at	396.6536223239	27.835182847	3.0388627419	10.6999726109
231804_at	4.6587308977	6.1664238629	7.3360648267	927.7545881296
231841_s_at	16.2786355227	5.512693957	6.1664238629	494.7695183246
231935_at	1243.6931837203	19.1657798411	30.0470060034	22.9104192271
232080_at	39.6366247199	2453.8300108681	331.6703359105	112.465024496
232231_at	194.9453118537	19.4990765304	10.2201854638	3821.0300132867
232232_s_at	39.2886549265	23.4104101081	20.8337890901	3128.3795801164
232234_at	1364.989382946	26.803543084	26.4766153358	82.8469039968
232618_at	5.0906917209	4.8556008931	418.9841772372	260.803401791
232739_at	17.0542672012	26.8860613436	792.8498326916	20.0760587843
232752_at	656.8344386099	6.0899705241	4.1380511128	44.9242901869
233500_x_at	12.7652722107	85.7116747309	2543.9671028768	15.1505919659
233512_at	7.6035238146	422.6643858355	6.3909845825	11.2409117329
233587_s_at	1263.9819054114	16.9013459563	19.0306684184	111.2355340738
233814_at	15.826658257	1862.9234563062	8.8617101215	116.826970412
234307_s_at	482.6150632473	13.1513691453	8.4472124626	9.1682352605
234994_at	23.2127224201	2613.2864735033	21.3314105089	79.8312674078
235059_at	69.4662768163	6.7531907347	828.403981646	6.306267035
235275_at	139.1436535428	173.9608207552	167.105136847	16176.1380128163
235383_at	4770.7901360221	20.3260236883	37.476642165	18.4573885772
235385_at	14.2122695036	4.1885313506	331.3244348783	3.2142225837
235400_at	5.2774352598	720.6474751937	4739.3781461519	14.4579957249
235401_s_at	17.6242824187	520.7536276726	5316.4661593457	28.0243677613
235522_at	13.1869262376	27.6386755044	439.9792692707	9.4601362566
235549_at	59.5443372751	8.1602001113	513.6839533384	10.4360649791
235557_at	7.6872351919	10.3813325721	514.2428851751	10.489939855
235574_at	7.5959250206	303.4010671494	7.2513851401	5.4079118503
235593_at	9.7550905014	3.8616302532	58.2743849926	1088.3417208903
235638_at	37.8432458345	49.0852868768	2282.4715357153	47.481681398
236191_at	72.3315548192	10.4455045807	1088.817762708	265.7044669021
236280_at	5.8730991022	3906.5844562573	435.8751264537	10.0076591946
236351_at	3165.2806138307	24.0475569502	58.449421578	43.6978932531
236632_at	6521.0971804323	27.8066471636	28.0483837059	98.2004713282
236681_at	2432.7996366974	37.8963561854	85.876155253	91.6574147788
237265_at	11.4401065161	8.3952819758	12.3667971631	1630.7974483604
237466_s_at	801.2290498449	8.2826820946	6.5674285351	13.7226681896
238206_at	18.8227954515	6.0380006037	8.7654701775	1031.7083700122
238365_s_at	6.3045190741	6.7578928047	86.5240043133	3989.2951320459
238605_at	22.4668482057	1627.2105110499	16.854393581	20.8212105673
238674_at	53.498945359	16.8135312927	750.231280782	18.6218779562
238692_at	389.3117582557	16.3110715862	8.7004080099	12.661937387
239012_at	63.0692280518	48.9968458646	2165.9028282459	61.5544195212
239108_at	32.3501085207	5.4634237004	8.7986786101	1266.3711561712
239178_at	379.1329259964	2.6683240749	15.8115940383	1.1952690147
239292_at	7.1383661534	7.5429085685	242.9342508562	4.4209956968
239481_at	163.9258741517	4030.956002956	67.6308922053	253.9762623504
239503_at	5.8205707331	18.613414857	3.4359018382	747.1109353564
239913_at	2.8927835622	2.7065738667	14.7073242506	1232.9480261821
240915_at	25.5842971037	87.0402265121	1728.3411846788	51.4270706051
241365_at	799.8287949058	2.2879767074	2.0604337007	1891.3039965985
242277_at	11.5707123898	6.5166705093	5.2239086084	1001.3074280892
242301_at	171.6411047041	3612.742194014	146.772058173	184.68449728
242334_at	7.2166599579	10.9284093016	1486.8865588053	16.998881648
242520_s_at	3.1179531516	1.6131963746	5.9766068182	2305.9657076435
243110_x_at	641.7102904031	2.2117674092	2.3292068545	2.3092006875
243753_at	49.9916156329	1732.3873481562	39.6241411549	112.7237365796
243756_at	7.6493007603	4.0081916818	6.1711080448	695.5282285775
244040_at	15.3082648869	56.0517505624	1406.2856294725	18.2520008652
244413_at	38.7028914108	13.9538735889	2127.0496851411	25.5359471286
244644_at	57.4291668852	6315.3897555287	47.6451081003	244.4854819408
244887_at	7.3123545135	27.7299334177	1249.7498454198	49.2166591174
31874_at	2293.906245825	6.8814959226	4.5604249537	239.2132042932
33767_at	31.4087858754	9.1861540648	30.315772277	1404.2545360846
34210_at	106.3302895831	15.0062745433	6685.3216460651	225.5964228529
39248_at	3546.3516021966	29.2682116443	40.3248079243	436.9421437541
39318_at	95.0609817694	87.9076756263	10245.5697932648	109.7849163499
40284_at	32.0677462274	880.6193808733	11.7800416058	10.0461666043
